#
# (1) pixel number for uv channel
# (2) nm per pixel for uv channel
#
# (1)       (2)
1	0.312793244
2	0.312793244
3	0.312793244
4	0.313423342
5	0.313577924
6	0.313577924
7	0.31412284
8	0.314465409
9	0.314465409
10	0.314766495
11	0.315159155
12	0.315159155
13	0.315341024
14	0.31585597
15	0.31585597
16	0.31592246
17	0.316555872
18	0.316555872
19	0.316555872
20	0.317119709
21	0.317158262
22	0.317158262
23	0.317631732
24	0.317762949
25	0.317762949
26	0.318213484
27	0.318471338
28	0.318471338
29	0.31872327
30	0.318979266
31	0.318979266
32	0.319163214
33	0.319488818
34	0.319488818
35	0.319606901
36	0.32
37	0.32
38	0.320054359
39	0.320512821
40	0.320512821
41	0.320512821
42	0.321020085
43	0.321027287
44	0.321027287
45	0.321386805
46	0.321440051
47	0.321440051
48	0.321833314
49	0.321957502
50	0.321957502
51	0.322161073
52	0.322268772
53	0.322268772
54	0.322497969
55	0.322684737
56	0.322684737
57	0.322920441
58	0.323206206
59	0.323206206
60	0.323281049
61	0.323415265
62	0.323415265
63	0.323526701
64	0.323834197
65	0.323834197
66	0.32390896
67	0.324254215
68	0.324254215
69	0.324273995
70	0.324464633
71	0.324464633
72	0.324469693
73	0.32488629
74	0.32488629
75	0.32488629
76	0.325083587
77	0.325097529
78	0.325097529
79	0.325460724
80	0.325520833
81	0.325520833
82	0.325687517
83	0.325732899
84	0.325732899
85	0.325884936
86	0.325945241
87	0.325945241
88	0.326220976
89	0.326370757
90	0.326370757
91	0.326432984
92	0.32647731
93	0.32647731
94	0.326644069
95	0.326797386
96	0.326797386
97	0.32694523
98	0.32711809
99	0.32711809
100	0.327161334
101	0.327225131
102	0.327225131
103	0.327337028
104	0.327546675
105	0.327546675
106	0.327610016
107	0.32776139
108	0.32776139
109	0.327787611
110	0.327868852
111	0.327868852
112	0.327931478
113	0.328191664
114	0.328191664
115	0.328207502
116	0.328299409
117	0.328299409
118	0.328332099
119	0.328623069
120	0.328623069
121	0.328629335
122	0.328731098
123	0.328731098
124	0.328734558
125	0.328947368
126	0.328947368
127	0.328947368
128	0.329053013
129	0.32905561
130	0.32905561
131	0.329258656
132	0.329272308
133	0.329272308
134	0.329467593
135	0.329489292
136	0.329489292
137	0.32958323
138	0.329597891
139	0.329597891
140	0.329688196
141	0.329706561
142	0.329706561
143	0.329880171
144	0.329924117
145	0.329924117
146	0.330007633
147	0.330033003
148	0.330033003
149	0.33019366
150	0.330250991
151	0.330250991
152	0.330328344
153	0.330360093
154	0.330360093
155	0.330434549
156	0.330469266
157	0.330469266
158	0.330612645
159	0.330687831
160	0.330687831
161	0.330687831
162	0.330687831
163	0.330687831
164	0.330820894
165	0.330906684
166	0.330906684
167	0.330970872
168	0.33101622
169	0.33101622
170	0.331078148
171	0.331125828
172	0.331125828
173	0.331185604
174	0.331235508
175	0.331235508
176	0.331293239
177	0.331345262
178	0.331345262
179	0.331401053
180	0.331455088
181	0.331455088
182	0.331509048
183	0.331564987
184	0.331564987
185	0.331617223
186	0.331674959
187	0.331674959
188	0.331725579
189	0.331785003
190	0.331785003
191	0.331834116
192	0.331895121
193	0.331895121
194	0.331942834
195	0.332005312
196	0.332005312
197	0.332051733
198	0.332115576
199	0.332115576
200	0.332115576
201	0.332115576
202	0.332115576
203	0.332203655
204	0.332336324
205	0.332336324
206	0.332336324
207	0.332336324
208	0.332336324
209	0.332378419
210	0.332446809
211	0.332446809
212	0.332446809
213	0.332446809
214	0.332446809
215	0.332527542
216	0.332667997
217	0.332667997
218	0.332667997
219	0.332667997
220	0.332667997
221	0.332707076
222	0.332778702
223	0.332778702
224	0.332817253
225	0.332889481
226	0.332889481
227	0.332889481
228	0.332889481
229	0.332889481
230	0.33292717
231	0.333000333
232	0.333000333
233	0.333000333
234	0.333000333
235	0.333000333
236	0.333074456
237	0.333222259
238	0.333222259
239	0.333185296
240	0.333111259
241	0.333111259
242	0.333184766
243	0.333333333
244	0.333333333
245	0.333333333
246	0.333333333
247	0.333333333
248	0.333370123
249	0.333444481
250	0.333444481
251	0.333444481
252	0.333444481
253	0.333444481
254	0.333481519
255	0.333555704
256	0.333555704
257	0.333555704
258	0.333555704
259	0.333555704
260	0.333593211
261	0.333667
262	0.333667
263	0.333667
264	0.333667
265	0.333667
266	0.333705201
267	0.333778371
268	0.333778371
269	0.333778371
270	0.333778371
271	0.333778371
272	0.333817488
273	0.333889816
274	0.333889816
275	0.333889816
276	0.333889816
277	0.333889816
278	0.333930075
279	0.334001336
280	0.334001336
281	0.334042291
282	0.33411293
283	0.33411293
284	0.334071194
285	0.334001336
286	0.334001336
287	0.334043742
288	0.33411293
289	0.33411293
290	0.334156146
291	0.334224599
292	0.334224599
293	0.334224599
294	0.334224599
295	0.334224599
296	0.334224599
297	0.334224599
298	0.334224599
299	0.334270525
300	0.334336342
301	0.334336342
302	0.334336342
303	0.334336342
304	0.334336342
305	0.334384312
306	0.334448161
307	0.334448161
308	0.334448161
309	0.334448161
310	0.334448161
311	0.334448161
312	0.334448161
313	0.334448161
314	0.334499519
315	0.334560054
316	0.334560054
317	0.334560054
318	0.334560054
319	0.334560054
320	0.334560054
321	0.334560054
322	0.334560054
323	0.334615142
324	0.334672021
325	0.334672021
326	0.334672021
327	0.334672021
328	0.334672021
329	0.334729836
330	0.334784064
331	0.334784064
332	0.334724794
333	0.334672021
334	0.334672021
335	0.334732637
336	0.334784064
337	0.334784064
338	0.334846178
339	0.334896182
340	0.334896182
341	0.334896182
342	0.334896182
343	0.334896182
344	0.33483093
345	0.334784064
346	0.334784064
347	0.334917529
348	0.335008375
349	0.335008375
350	0.334939937
351	0.334896182
352	0.334896182
353	0.334966191
354	0.335008375
355	0.335008375
356	0.335008375
357	0.335008375
358	0.335008375
359	0.335081799
360	0.335120643
361	0.335120643
362	0.335045424
363	0.335008375
364	0.335008375
365	0.335085279
366	0.335120643
367	0.335120643
368	0.335199396
369	0.335232987
370	0.335232987
371	0.335152324
372	0.335120643
373	0.335120643
374	0.335203104
375	0.335232987
376	0.335232987
377	0.335232987
378	0.335232987
379	0.335232987
380	0.335232987
381	0.335232987
382	0.335232987
383	0.335232987
384	0.335232987
385	0.335232987
386	0.335323147
387	0.335345406
388	0.335345406
389	0.335345406
390	0.335345406
391	0.335345406
392	0.335345406
393	0.335345406
394	0.335345406
395	0.335345406
396	0.335345406
397	0.335345406
398	0.335443726
399	0.3354579
400	0.3354579
401	0.3354579
402	0.3354579
403	0.3354579
404	0.3354579
405	0.3354579
406	0.3354579
407	0.3354579
408	0.3354579
409	0.3354579
410	0.3354579
411	0.3354579
412	0.3354579
413	0.33556698
414	0.33557047
415	0.33557047
416	0.33557047
417	0.33557047
418	0.33557047
419	0.33557047
420	0.33557047
421	0.33557047
422	0.33557047
423	0.33557047
424	0.33557047
425	0.33557047
426	0.33557047
427	0.335578242
428	0.335683115
429	0.335683115
430	0.335683115
431	0.335683115
432	0.335683115
433	0.335683115
434	0.335683115
435	0.335683115
436	0.335683115
437	0.335683115
438	0.335683115
439	0.335683115
440	0.335683115
441	0.335683115
442	0.335683115
443	0.335683115
444	0.335683115
445	0.335705096
446	0.335795836
447	0.335795836
448	0.335795836
449	0.335795836
450	0.335795836
451	0.335768896
452	0.335683115
453	0.335683115
