#
# (1) X position in arcsec
# (2) X position in pixels
# (3) X position in microns
# (4) Relative irradiance
#
#   (1)       (2)        (3)     (4)
   -0.80     -8.0        -80  5.93363e-35 
   -0.79     -7.9        -79  4.20377e-34 
   -0.78     -7.8        -78  2.90578e-33 
   -0.77     -7.7        -77  1.95970e-32 
   -0.76     -7.6        -76  1.28951e-31 
   -0.75     -7.5        -75  8.27868e-31 
   -0.74     -7.4        -74  5.18559e-30 
   -0.73     -7.3        -73  3.16913e-29 
   -0.72     -7.2        -72  1.88969e-28 
   -0.71     -7.1        -71  1.09937e-27 
   -0.70     -7.0        -70  6.24025e-27 
   -0.69     -6.9        -69  3.45590e-26 
   -0.68     -6.8        -68  1.86734e-25 
   -0.67     -6.7        -67  9.84452e-25 
   -0.66     -6.6        -66  5.06366e-24 
   -0.65     -6.5        -65  2.54122e-23 
   -0.64     -6.4        -64  1.24430e-22 
   -0.63     -6.3        -63  5.94447e-22 
   -0.62     -6.2        -62  2.77078e-21 
   -0.61     -6.1        -61  1.26007e-20 
   -0.60     -6.0        -60  5.59105e-20 
   -0.59     -5.9        -59  2.42044e-19 
   -0.58     -5.8        -58  1.02235e-18 
   -0.57     -5.7        -57  4.21321e-18 
   -0.56     -5.6        -56  1.69406e-17 
   -0.55     -5.5        -55  6.64578e-17 
   -0.54     -5.4        -54  2.54372e-16 
   -0.53     -5.3        -53  9.49940e-16 
   -0.52     -5.2        -52  3.46120e-15 
   -0.51     -5.1        -51  1.23045e-14 
   -0.50     -5.0        -50  4.26780e-14 
   -0.49     -4.9        -49  1.44427e-13 
   -0.48     -4.8        -48  4.76865e-13 
   -0.47     -4.7        -47  1.53620e-12 
   -0.46     -4.6        -46  4.82842e-12 
   -0.45     -4.5        -45  1.48069e-11 
   -0.44     -4.4        -44  4.43026e-11 
   -0.43     -4.3        -43  1.29330e-10 
   -0.42     -4.2        -42  3.68359e-10 
   -0.41     -4.1        -41  1.02364e-09 
   -0.40     -4.0        -40  2.77542e-09 
   -0.39     -3.9        -39  7.34202e-09 
   -0.38     -3.8        -38  1.89498e-08 
   -0.37     -3.7        -37  4.77198e-08 
   -0.36     -3.6        -36  1.17246e-07 
   -0.35     -3.5        -35  2.81060e-07 
   -0.34     -3.4        -34  6.57363e-07 
   -0.33     -3.3        -33  1.50009e-06 
   -0.32     -3.2        -32  3.33988e-06 
   -0.31     -3.1        -31  7.25521e-06 
   -0.30     -3.0        -30  1.53771e-05 
   -0.29     -2.9        -29  3.17980e-05 
   -0.28     -2.8        -28  6.41551e-05 
   -0.27     -2.7        -27  1.26290e-04 
   -0.26     -2.6        -26  2.42553e-04 
   -0.25     -2.5        -25  4.54517e-04 
   -0.24     -2.4        -24  8.30995e-04 
   -0.23     -2.3        -23  1.48235e-03 
   -0.22     -2.2        -22  2.57992e-03 
   -0.21     -2.1        -21  4.38094e-03 
   -0.20     -2.0        -20  7.25826e-03 
   -0.19     -1.9        -19  1.17328e-02 
   -0.18     -1.8        -18  1.85044e-02 
   -0.17     -1.7        -17  2.84742e-02 
   -0.16     -1.6        -16  4.27496e-02 
   -0.15     -1.5        -15  6.26207e-02 
   -0.14     -1.4        -14  8.94968e-02 
   -0.13     -1.3        -13  1.24796e-01 
   -0.12     -1.2        -12  1.69785e-01 
   -0.11     -1.1        -11  2.25373e-01 
   -0.10     -1.0        -10  2.91882e-01 
   -0.09     -0.9         -9  3.68823e-01 
   -0.08     -0.8         -8  4.54708e-01 
   -0.07     -0.7         -7  5.46955e-01 
   -0.06     -0.6         -6  6.41911e-01 
   -0.05     -0.5         -5  7.35025e-01 
   -0.04     -0.4         -4  8.21170e-01 
   -0.03     -0.3         -3  8.95094e-01 
   -0.02     -0.2         -2  9.51937e-01 
   -0.01     -0.1         -1  9.87761e-01 
   -0.00     -0.0         -0  1.00000e+00 
    0.01      0.1          1  9.87762e-01 
    0.02      0.2          2  9.51937e-01 
    0.03      0.3          3  8.95094e-01 
    0.04      0.4          4  8.21171e-01 
    0.05      0.5          5  7.35025e-01 
    0.06      0.6          6  6.41912e-01 
    0.07      0.7          7  5.46956e-01 
    0.08      0.8          8  4.54709e-01 
    0.09      0.9          9  3.68824e-01 
    0.10      1.0         10  2.91883e-01 
    0.11      1.1         11  2.25373e-01 
    0.12      1.2         12  1.69785e-01 
    0.13      1.3         13  1.24796e-01 
    0.14      1.4         14  8.94970e-02 
    0.15      1.5         15  6.26209e-02 
    0.16      1.6         16  4.27497e-02 
    0.17      1.7         17  2.84742e-02 
    0.18      1.8         18  1.85044e-02 
    0.19      1.9         19  1.17328e-02 
    0.20      2.0         20  7.25828e-03 
    0.21      2.1         21  4.38095e-03 
    0.22      2.2         22  2.57993e-03 
    0.23      2.3         23  1.48235e-03 
    0.24      2.4         24  8.30998e-04 
    0.25      2.5         25  4.54519e-04 
    0.26      2.6         26  2.42554e-04 
    0.27      2.7         27  1.26290e-04 
    0.28      2.8         28  6.41553e-05 
    0.29      2.9         29  3.17981e-05 
    0.30      3.0         30  1.53771e-05 
    0.31      3.1         31  7.25523e-06 
    0.32      3.2         32  3.33990e-06 
    0.33      3.3         33  1.50009e-06 
    0.34      3.4         34  6.57366e-07 
    0.35      3.5         35  2.81062e-07 
    0.36      3.6         36  1.17246e-07 
    0.37      3.7         37  4.77201e-08 
    0.38      3.8         38  1.89499e-08 
    0.39      3.9         39  7.34206e-09 
    0.40      4.0         40  2.77544e-09 
    0.41      4.1         41  1.02365e-09 
    0.42      4.2         42  3.68362e-10 
    0.43      4.3         43  1.29331e-10 
    0.44      4.4         44  4.43028e-11 
    0.45      4.5         45  1.48070e-11 
    0.46      4.6         46  4.82845e-12 
    0.47      4.7         47  1.53621e-12 
    0.48      4.8         48  4.76868e-13 
    0.49      4.9         49  1.44428e-13 
    0.50      5.0         50  4.26782e-14 
    0.51      5.1         51  1.23046e-14 
    0.52      5.2         52  3.46122e-15 
    0.53      5.3         53  9.49947e-16 
    0.54      5.4         54  2.54374e-16 
    0.55      5.5         55  6.64583e-17 
    0.56      5.6         56  1.69407e-17 
    0.57      5.7         57  4.21326e-18 
    0.58      5.8         58  1.02236e-18 
    0.59      5.9         59  2.42046e-19 
    0.60      6.0         60  5.59109e-20 
    0.61      6.1         61  1.26008e-20 
    0.62      6.2         62  2.77080e-21 
    0.63      6.3         63  5.94451e-22 
    0.64      6.4         64  1.24430e-22 
    0.65      6.5         65  2.54125e-23 
    0.66      6.6         66  5.06372e-24 
    0.67      6.7         67  9.84456e-25 
    0.68      6.8         68  1.86736e-25 
    0.69      6.9         69  3.45594e-26 
    0.70      7.0         70  6.24032e-27 
    0.71      7.1         71  1.09937e-27 
    0.72      7.2         72  1.88970e-28 
    0.73      7.3         73  3.16918e-29 
    0.74      7.4         74  5.18567e-30 
    0.75      7.5         75  8.27868e-31 
    0.76      7.6         76  1.28953e-31 
    0.77      7.7         77  1.95972e-32 
    0.78      7.8         78  2.90582e-33 
    0.79      7.9         79  4.20384e-34 
    0.80      8.0         80  5.93372e-35 
