#(1) pixel number for uv channel
#(2) dispersion, in nm per pixel for uv channel
#    extrapolation starts at pixel 454
#(1)			 (2)
1.000000000000000000e+00 3.127932440000000258e-01
2.000000000000000000e+00 3.127932440000000258e-01
3.000000000000000000e+00 3.127932440000000258e-01
4.000000000000000000e+00 3.134233419999999937e-01
5.000000000000000000e+00 3.135779240000000079e-01
6.000000000000000000e+00 3.135779240000000079e-01
7.000000000000000000e+00 3.141228400000000143e-01
8.000000000000000000e+00 3.144654089999999735e-01
9.000000000000000000e+00 3.144654089999999735e-01
1.000000000000000000e+01 3.147664949999999795e-01
1.100000000000000000e+01 3.151591550000000241e-01
1.200000000000000000e+01 3.151591550000000241e-01
1.300000000000000000e+01 3.153410240000000253e-01
1.400000000000000000e+01 3.158559699999999859e-01
1.500000000000000000e+01 3.158559699999999859e-01
1.600000000000000000e+01 3.159224600000000160e-01
1.700000000000000000e+01 3.165558720000000159e-01
1.800000000000000000e+01 3.165558720000000159e-01
1.900000000000000000e+01 3.165558720000000159e-01
2.000000000000000000e+01 3.171197090000000274e-01
2.100000000000000000e+01 3.171582620000000241e-01
2.200000000000000000e+01 3.171582620000000241e-01
2.300000000000000000e+01 3.176317320000000000e-01
2.400000000000000000e+01 3.177629490000000168e-01
2.500000000000000000e+01 3.177629490000000168e-01
2.600000000000000000e+01 3.182134839999999909e-01
2.700000000000000000e+01 3.184713379999999927e-01
2.800000000000000000e+01 3.184713379999999927e-01
2.900000000000000000e+01 3.187232700000000030e-01
3.000000000000000000e+01 3.189792659999999835e-01
3.100000000000000000e+01 3.189792659999999835e-01
3.200000000000000000e+01 3.191632139999999729e-01
3.300000000000000000e+01 3.194888180000000077e-01
3.400000000000000000e+01 3.194888180000000077e-01
3.500000000000000000e+01 3.196069009999999988e-01
3.600000000000000000e+01 3.200000000000000067e-01
3.700000000000000000e+01 3.200000000000000067e-01
3.800000000000000000e+01 3.200543590000000105e-01
3.900000000000000000e+01 3.205128210000000033e-01
4.000000000000000000e+01 3.205128210000000033e-01
4.100000000000000000e+01 3.205128210000000033e-01
4.200000000000000000e+01 3.210200850000000106e-01
4.300000000000000000e+01 3.210272869999999945e-01
4.400000000000000000e+01 3.210272869999999945e-01
4.500000000000000000e+01 3.213868049999999976e-01
4.600000000000000000e+01 3.214400510000000044e-01
4.700000000000000000e+01 3.214400510000000044e-01
4.800000000000000000e+01 3.218333139999999815e-01
4.900000000000000000e+01 3.219575020000000065e-01
5.000000000000000000e+01 3.219575020000000065e-01
5.100000000000000000e+01 3.221610730000000200e-01
5.200000000000000000e+01 3.222687719999999811e-01
5.300000000000000000e+01 3.222687719999999811e-01
5.400000000000000000e+01 3.224979689999999954e-01
5.500000000000000000e+01 3.226847369999999993e-01
5.600000000000000000e+01 3.226847369999999993e-01
5.700000000000000000e+01 3.229204410000000025e-01
5.800000000000000000e+01 3.232062059999999959e-01
5.900000000000000000e+01 3.232062059999999959e-01
6.000000000000000000e+01 3.232810489999999870e-01
6.100000000000000000e+01 3.234152650000000073e-01
6.200000000000000000e+01 3.234152650000000073e-01
6.300000000000000000e+01 3.235267010000000276e-01
6.400000000000000000e+01 3.238341969999999903e-01
6.500000000000000000e+01 3.238341969999999903e-01
6.600000000000000000e+01 3.239089600000000235e-01
6.700000000000000000e+01 3.242542150000000123e-01
6.800000000000000000e+01 3.242542150000000123e-01
6.900000000000000000e+01 3.242739949999999816e-01
7.000000000000000000e+01 3.244646330000000023e-01
7.100000000000000000e+01 3.244646330000000023e-01
7.200000000000000000e+01 3.244696930000000035e-01
7.300000000000000000e+01 3.248862900000000220e-01
7.400000000000000000e+01 3.248862900000000220e-01
7.500000000000000000e+01 3.248862900000000220e-01
7.600000000000000000e+01 3.250835870000000072e-01
7.700000000000000000e+01 3.250975289999999962e-01
7.800000000000000000e+01 3.250975289999999962e-01
7.900000000000000000e+01 3.254607239999999790e-01
8.000000000000000000e+01 3.255208330000000094e-01
8.100000000000000000e+01 3.255208330000000094e-01
8.200000000000000000e+01 3.256875169999999819e-01
8.300000000000000000e+01 3.257328990000000202e-01
8.400000000000000000e+01 3.257328990000000202e-01
8.500000000000000000e+01 3.258849360000000139e-01
8.600000000000000000e+01 3.259452409999999967e-01
8.700000000000000000e+01 3.259452409999999967e-01
8.800000000000000000e+01 3.262209759999999958e-01
8.900000000000000000e+01 3.263707570000000113e-01
9.000000000000000000e+01 3.263707570000000113e-01
9.100000000000000000e+01 3.264329839999999816e-01
9.200000000000000000e+01 3.264773100000000206e-01
9.300000000000000000e+01 3.264773100000000206e-01
9.400000000000000000e+01 3.266440689999999814e-01
9.500000000000000000e+01 3.267973860000000230e-01
9.600000000000000000e+01 3.267973860000000230e-01
9.700000000000000000e+01 3.269452299999999756e-01
9.800000000000000000e+01 3.271180899999999725e-01
9.900000000000000000e+01 3.271180899999999725e-01
1.000000000000000000e+02 3.271613340000000258e-01
1.010000000000000000e+02 3.272251310000000024e-01
1.020000000000000000e+02 3.272251310000000024e-01
1.030000000000000000e+02 3.273370279999999743e-01
1.040000000000000000e+02 3.275466750000000093e-01
1.050000000000000000e+02 3.275466750000000093e-01
1.060000000000000000e+02 3.276100160000000039e-01
1.070000000000000000e+02 3.277613899999999858e-01
1.080000000000000000e+02 3.277613899999999858e-01
1.090000000000000000e+02 3.277876109999999787e-01
1.100000000000000000e+02 3.278688519999999884e-01
1.110000000000000000e+02 3.278688519999999884e-01
1.120000000000000000e+02 3.279314779999999985e-01
1.130000000000000000e+02 3.281916639999999941e-01
1.140000000000000000e+02 3.281916639999999941e-01
1.150000000000000000e+02 3.282075019999999843e-01
1.160000000000000000e+02 3.282994089999999865e-01
1.170000000000000000e+02 3.282994089999999865e-01
1.180000000000000000e+02 3.283320989999999884e-01
1.190000000000000000e+02 3.286230689999999899e-01
1.200000000000000000e+02 3.286230689999999899e-01
1.210000000000000000e+02 3.286293350000000224e-01
1.220000000000000000e+02 3.287310979999999994e-01
1.230000000000000000e+02 3.287310979999999994e-01
1.240000000000000000e+02 3.287345580000000100e-01
1.250000000000000000e+02 3.289473680000000178e-01
1.260000000000000000e+02 3.289473680000000178e-01
1.270000000000000000e+02 3.289473680000000178e-01
1.280000000000000000e+02 3.290530130000000053e-01
1.290000000000000000e+02 3.290556099999999984e-01
1.300000000000000000e+02 3.290556099999999984e-01
1.310000000000000000e+02 3.292586559999999829e-01
1.320000000000000000e+02 3.292723080000000135e-01
1.330000000000000000e+02 3.292723080000000135e-01
1.340000000000000000e+02 3.294675930000000030e-01
1.350000000000000000e+02 3.294892919999999892e-01
1.360000000000000000e+02 3.294892919999999892e-01
1.370000000000000000e+02 3.295832300000000048e-01
1.380000000000000000e+02 3.295978909999999762e-01
1.390000000000000000e+02 3.295978909999999762e-01
1.400000000000000000e+02 3.296881959999999889e-01
1.410000000000000000e+02 3.297065610000000091e-01
1.420000000000000000e+02 3.297065610000000091e-01
1.430000000000000000e+02 3.298801709999999998e-01
1.440000000000000000e+02 3.299241170000000167e-01
1.450000000000000000e+02 3.299241170000000167e-01
1.460000000000000000e+02 3.300076330000000224e-01
1.470000000000000000e+02 3.300330029999999915e-01
1.480000000000000000e+02 3.300330029999999915e-01
1.490000000000000000e+02 3.301936599999999999e-01
1.500000000000000000e+02 3.302509909999999937e-01
1.510000000000000000e+02 3.302509909999999937e-01
1.520000000000000000e+02 3.303283439999999960e-01
1.530000000000000000e+02 3.303600930000000213e-01
1.540000000000000000e+02 3.303600930000000213e-01
1.550000000000000000e+02 3.304345490000000218e-01
1.560000000000000000e+02 3.304692659999999838e-01
1.570000000000000000e+02 3.304692659999999838e-01
1.580000000000000000e+02 3.306126449999999828e-01
1.590000000000000000e+02 3.306878309999999876e-01
1.600000000000000000e+02 3.306878309999999876e-01
1.610000000000000000e+02 3.306878309999999876e-01
1.620000000000000000e+02 3.306878309999999876e-01
1.630000000000000000e+02 3.306878309999999876e-01
1.640000000000000000e+02 3.308208939999999765e-01
1.650000000000000000e+02 3.309066840000000065e-01
1.660000000000000000e+02 3.309066840000000065e-01
1.670000000000000000e+02 3.309708720000000270e-01
1.680000000000000000e+02 3.310162200000000277e-01
1.690000000000000000e+02 3.310162200000000277e-01
1.700000000000000000e+02 3.310781480000000165e-01
1.710000000000000000e+02 3.311258280000000109e-01
1.720000000000000000e+02 3.311258280000000109e-01
1.730000000000000000e+02 3.311856040000000223e-01
1.740000000000000000e+02 3.312355080000000118e-01
1.750000000000000000e+02 3.312355080000000118e-01
1.760000000000000000e+02 3.312932390000000171e-01
1.770000000000000000e+02 3.313452619999999738e-01
1.780000000000000000e+02 3.313452619999999738e-01
1.790000000000000000e+02 3.314010530000000010e-01
1.800000000000000000e+02 3.314550880000000088e-01
1.810000000000000000e+02 3.314550880000000088e-01
1.820000000000000000e+02 3.315090479999999729e-01
1.830000000000000000e+02 3.315649869999999777e-01
1.840000000000000000e+02 3.315649869999999777e-01
1.850000000000000000e+02 3.316172230000000165e-01
1.860000000000000000e+02 3.316749589999999914e-01
1.870000000000000000e+02 3.316749589999999914e-01
1.880000000000000000e+02 3.317255789999999926e-01
1.890000000000000000e+02 3.317850030000000228e-01
1.900000000000000000e+02 3.317850030000000228e-01
1.910000000000000000e+02 3.318341160000000123e-01
1.920000000000000000e+02 3.318951210000000152e-01
1.930000000000000000e+02 3.318951210000000152e-01
1.940000000000000000e+02 3.319428340000000199e-01
1.950000000000000000e+02 3.320053119999999969e-01
1.960000000000000000e+02 3.320053119999999969e-01
1.970000000000000000e+02 3.320517330000000156e-01
1.980000000000000000e+02 3.321155760000000234e-01
1.990000000000000000e+02 3.321155760000000234e-01
2.000000000000000000e+02 3.321155760000000234e-01
2.010000000000000000e+02 3.321155760000000234e-01
2.020000000000000000e+02 3.321155760000000234e-01
2.030000000000000000e+02 3.322036549999999866e-01
2.040000000000000000e+02 3.323363240000000163e-01
2.050000000000000000e+02 3.323363240000000163e-01
2.060000000000000000e+02 3.323363240000000163e-01
2.070000000000000000e+02 3.323363240000000163e-01
2.080000000000000000e+02 3.323363240000000163e-01
2.090000000000000000e+02 3.323784189999999805e-01
2.100000000000000000e+02 3.324468090000000098e-01
2.110000000000000000e+02 3.324468090000000098e-01
2.120000000000000000e+02 3.324468090000000098e-01
2.130000000000000000e+02 3.324468090000000098e-01
2.140000000000000000e+02 3.324468090000000098e-01
2.150000000000000000e+02 3.325275420000000093e-01
2.160000000000000000e+02 3.326679969999999931e-01
2.170000000000000000e+02 3.326679969999999931e-01
2.180000000000000000e+02 3.326679969999999931e-01
2.190000000000000000e+02 3.326679969999999931e-01
2.200000000000000000e+02 3.326679969999999931e-01
2.210000000000000000e+02 3.327070759999999905e-01
2.220000000000000000e+02 3.327787019999999818e-01
2.230000000000000000e+02 3.327787019999999818e-01
2.240000000000000000e+02 3.328172529999999796e-01
2.250000000000000000e+02 3.328894809999999871e-01
2.260000000000000000e+02 3.328894809999999871e-01
2.270000000000000000e+02 3.328894809999999871e-01
2.280000000000000000e+02 3.328894809999999871e-01
2.290000000000000000e+02 3.328894809999999871e-01
2.300000000000000000e+02 3.329271699999999945e-01
2.310000000000000000e+02 3.330003329999999817e-01
2.320000000000000000e+02 3.330003329999999817e-01
2.330000000000000000e+02 3.330003329999999817e-01
2.340000000000000000e+02 3.330003329999999817e-01
2.350000000000000000e+02 3.330003329999999817e-01
2.360000000000000000e+02 3.330744560000000187e-01
2.370000000000000000e+02 3.332222590000000206e-01
2.380000000000000000e+02 3.332222590000000206e-01
2.390000000000000000e+02 3.331852960000000197e-01
2.400000000000000000e+02 3.331112589999999929e-01
2.410000000000000000e+02 3.331112589999999929e-01
2.420000000000000000e+02 3.331847660000000211e-01
2.430000000000000000e+02 3.333333330000000094e-01
2.440000000000000000e+02 3.333333330000000094e-01
2.450000000000000000e+02 3.333333330000000094e-01
2.460000000000000000e+02 3.333333330000000094e-01
2.470000000000000000e+02 3.333333330000000094e-01
2.480000000000000000e+02 3.333701230000000182e-01
2.490000000000000000e+02 3.334444810000000148e-01
2.500000000000000000e+02 3.334444810000000148e-01
2.510000000000000000e+02 3.334444810000000148e-01
2.520000000000000000e+02 3.334444810000000148e-01
2.530000000000000000e+02 3.334444810000000148e-01
2.540000000000000000e+02 3.334815190000000040e-01
2.550000000000000000e+02 3.335557040000000084e-01
2.560000000000000000e+02 3.335557040000000084e-01
2.570000000000000000e+02 3.335557040000000084e-01
2.580000000000000000e+02 3.335557040000000084e-01
2.590000000000000000e+02 3.335557040000000084e-01
2.600000000000000000e+02 3.335932110000000006e-01
2.610000000000000000e+02 3.336669999999999914e-01
2.620000000000000000e+02 3.336669999999999914e-01
2.630000000000000000e+02 3.336669999999999914e-01
2.640000000000000000e+02 3.336669999999999914e-01
2.650000000000000000e+02 3.336669999999999914e-01
2.660000000000000000e+02 3.337052010000000069e-01
2.670000000000000000e+02 3.337783710000000181e-01
2.680000000000000000e+02 3.337783710000000181e-01
2.690000000000000000e+02 3.337783710000000181e-01
2.700000000000000000e+02 3.337783710000000181e-01
2.710000000000000000e+02 3.337783710000000181e-01
2.720000000000000000e+02 3.338174879999999956e-01
2.730000000000000000e+02 3.338898160000000059e-01
2.740000000000000000e+02 3.338898160000000059e-01
2.750000000000000000e+02 3.338898160000000059e-01
2.760000000000000000e+02 3.338898160000000059e-01
2.770000000000000000e+02 3.338898160000000059e-01
2.780000000000000000e+02 3.339300749999999929e-01
2.790000000000000000e+02 3.340013359999999820e-01
2.800000000000000000e+02 3.340013359999999820e-01
2.810000000000000000e+02 3.340422909999999912e-01
2.820000000000000000e+02 3.341129299999999747e-01
2.830000000000000000e+02 3.341129299999999747e-01
2.840000000000000000e+02 3.340711940000000157e-01
2.850000000000000000e+02 3.340013359999999820e-01
2.860000000000000000e+02 3.340013359999999820e-01
2.870000000000000000e+02 3.340437419999999769e-01
2.880000000000000000e+02 3.341129299999999747e-01
2.890000000000000000e+02 3.341129299999999747e-01
2.900000000000000000e+02 3.341561459999999872e-01
2.910000000000000000e+02 3.342245990000000111e-01
2.920000000000000000e+02 3.342245990000000111e-01
2.930000000000000000e+02 3.342245990000000111e-01
2.940000000000000000e+02 3.342245990000000111e-01
2.950000000000000000e+02 3.342245990000000111e-01
2.960000000000000000e+02 3.342245990000000111e-01
2.970000000000000000e+02 3.342245990000000111e-01
2.980000000000000000e+02 3.342245990000000111e-01
2.990000000000000000e+02 3.342705249999999850e-01
3.000000000000000000e+02 3.343363420000000086e-01
3.010000000000000000e+02 3.343363420000000086e-01
3.020000000000000000e+02 3.343363420000000086e-01
3.030000000000000000e+02 3.343363420000000086e-01
3.040000000000000000e+02 3.343363420000000086e-01
3.050000000000000000e+02 3.343843120000000169e-01
3.060000000000000000e+02 3.344481610000000216e-01
3.070000000000000000e+02 3.344481610000000216e-01
3.080000000000000000e+02 3.344481610000000216e-01
3.090000000000000000e+02 3.344481610000000216e-01
3.100000000000000000e+02 3.344481610000000216e-01
3.110000000000000000e+02 3.344481610000000216e-01
3.120000000000000000e+02 3.344481610000000216e-01
3.130000000000000000e+02 3.344481610000000216e-01
3.140000000000000000e+02 3.344995190000000229e-01
3.150000000000000000e+02 3.345600539999999956e-01
3.160000000000000000e+02 3.345600539999999956e-01
3.170000000000000000e+02 3.345600539999999956e-01
3.180000000000000000e+02 3.345600539999999956e-01
3.190000000000000000e+02 3.345600539999999956e-01
3.200000000000000000e+02 3.345600539999999956e-01
3.210000000000000000e+02 3.345600539999999956e-01
3.220000000000000000e+02 3.345600539999999956e-01
3.230000000000000000e+02 3.346151419999999765e-01
3.240000000000000000e+02 3.346720209999999862e-01
3.250000000000000000e+02 3.346720209999999862e-01
3.260000000000000000e+02 3.346720209999999862e-01
3.270000000000000000e+02 3.346720209999999862e-01
3.280000000000000000e+02 3.346720209999999862e-01
3.290000000000000000e+02 3.347298360000000028e-01
3.300000000000000000e+02 3.347840639999999923e-01
3.310000000000000000e+02 3.347840639999999923e-01
3.320000000000000000e+02 3.347247939999999922e-01
3.330000000000000000e+02 3.346720209999999862e-01
3.340000000000000000e+02 3.346720209999999862e-01
3.350000000000000000e+02 3.347326369999999995e-01
3.360000000000000000e+02 3.347840639999999923e-01
3.370000000000000000e+02 3.347840639999999923e-01
3.380000000000000000e+02 3.348461779999999943e-01
3.390000000000000000e+02 3.348961819999999867e-01
3.400000000000000000e+02 3.348961819999999867e-01
3.410000000000000000e+02 3.348961819999999867e-01
3.420000000000000000e+02 3.348961819999999867e-01
3.430000000000000000e+02 3.348961819999999867e-01
3.440000000000000000e+02 3.348309300000000266e-01
3.450000000000000000e+02 3.347840639999999923e-01
3.460000000000000000e+02 3.347840639999999923e-01
3.470000000000000000e+02 3.349175289999999916e-01
3.480000000000000000e+02 3.350083750000000249e-01
3.490000000000000000e+02 3.350083750000000249e-01
3.500000000000000000e+02 3.349399370000000209e-01
3.510000000000000000e+02 3.348961819999999867e-01
3.520000000000000000e+02 3.348961819999999867e-01
3.530000000000000000e+02 3.349661910000000242e-01
3.540000000000000000e+02 3.350083750000000249e-01
3.550000000000000000e+02 3.350083750000000249e-01
3.560000000000000000e+02 3.350083750000000249e-01
3.570000000000000000e+02 3.350083750000000249e-01
3.580000000000000000e+02 3.350083750000000249e-01
3.590000000000000000e+02 3.350817990000000135e-01
3.600000000000000000e+02 3.351206429999999958e-01
3.610000000000000000e+02 3.351206429999999958e-01
3.620000000000000000e+02 3.350454239999999806e-01
3.630000000000000000e+02 3.350083750000000249e-01
3.640000000000000000e+02 3.350083750000000249e-01
3.650000000000000000e+02 3.350852790000000136e-01
3.660000000000000000e+02 3.351206429999999958e-01
3.670000000000000000e+02 3.351206429999999958e-01
3.680000000000000000e+02 3.351993959999999828e-01
3.690000000000000000e+02 3.352329869999999823e-01
3.700000000000000000e+02 3.352329869999999823e-01
3.710000000000000000e+02 3.351523240000000015e-01
3.720000000000000000e+02 3.351206429999999958e-01
3.730000000000000000e+02 3.351206429999999958e-01
3.740000000000000000e+02 3.352031039999999740e-01
3.750000000000000000e+02 3.352329869999999823e-01
3.760000000000000000e+02 3.352329869999999823e-01
3.770000000000000000e+02 3.352329869999999823e-01
3.780000000000000000e+02 3.352329869999999823e-01
3.790000000000000000e+02 3.352329869999999823e-01
3.800000000000000000e+02 3.352329869999999823e-01
3.810000000000000000e+02 3.352329869999999823e-01
3.820000000000000000e+02 3.352329869999999823e-01
3.830000000000000000e+02 3.352329869999999823e-01
3.840000000000000000e+02 3.352329869999999823e-01
3.850000000000000000e+02 3.352329869999999823e-01
3.860000000000000000e+02 3.353231469999999881e-01
3.870000000000000000e+02 3.353454060000000125e-01
3.880000000000000000e+02 3.353454060000000125e-01
3.890000000000000000e+02 3.353454060000000125e-01
3.900000000000000000e+02 3.353454060000000125e-01
3.910000000000000000e+02 3.353454060000000125e-01
3.920000000000000000e+02 3.353454060000000125e-01
3.930000000000000000e+02 3.353454060000000125e-01
3.940000000000000000e+02 3.353454060000000125e-01
3.950000000000000000e+02 3.353454060000000125e-01
3.960000000000000000e+02 3.353454060000000125e-01
3.970000000000000000e+02 3.353454060000000125e-01
3.980000000000000000e+02 3.354437259999999976e-01
3.990000000000000000e+02 3.354578999999999755e-01
4.000000000000000000e+02 3.354578999999999755e-01
4.010000000000000000e+02 3.354578999999999755e-01
4.020000000000000000e+02 3.354578999999999755e-01
4.030000000000000000e+02 3.354578999999999755e-01
4.040000000000000000e+02 3.354578999999999755e-01
4.050000000000000000e+02 3.354578999999999755e-01
4.060000000000000000e+02 3.354578999999999755e-01
4.070000000000000000e+02 3.354578999999999755e-01
4.080000000000000000e+02 3.354578999999999755e-01
4.090000000000000000e+02 3.354578999999999755e-01
4.100000000000000000e+02 3.354578999999999755e-01
4.110000000000000000e+02 3.354578999999999755e-01
4.120000000000000000e+02 3.354578999999999755e-01
4.130000000000000000e+02 3.355669800000000147e-01
4.140000000000000000e+02 3.355704700000000096e-01
4.150000000000000000e+02 3.355704700000000096e-01
4.160000000000000000e+02 3.355704700000000096e-01
4.170000000000000000e+02 3.355704700000000096e-01
4.180000000000000000e+02 3.355704700000000096e-01
4.190000000000000000e+02 3.355704700000000096e-01
4.200000000000000000e+02 3.355704700000000096e-01
4.210000000000000000e+02 3.355704700000000096e-01
4.220000000000000000e+02 3.355704700000000096e-01
4.230000000000000000e+02 3.355704700000000096e-01
4.240000000000000000e+02 3.355704700000000096e-01
4.250000000000000000e+02 3.355704700000000096e-01
4.260000000000000000e+02 3.355704700000000096e-01
4.270000000000000000e+02 3.355782420000000266e-01
4.280000000000000000e+02 3.356831149999999764e-01
4.290000000000000000e+02 3.356831149999999764e-01
4.300000000000000000e+02 3.356831149999999764e-01
4.310000000000000000e+02 3.356831149999999764e-01
4.320000000000000000e+02 3.356831149999999764e-01
4.330000000000000000e+02 3.356831149999999764e-01
4.340000000000000000e+02 3.356831149999999764e-01
4.350000000000000000e+02 3.356831149999999764e-01
4.360000000000000000e+02 3.356831149999999764e-01
4.370000000000000000e+02 3.356831149999999764e-01
4.380000000000000000e+02 3.356831149999999764e-01
4.390000000000000000e+02 3.356831149999999764e-01
4.400000000000000000e+02 3.356831149999999764e-01
4.410000000000000000e+02 3.356831149999999764e-01
4.420000000000000000e+02 3.356831149999999764e-01
4.430000000000000000e+02 3.356831149999999764e-01
4.440000000000000000e+02 3.356831149999999764e-01
4.450000000000000000e+02 3.357050959999999806e-01
4.460000000000000000e+02 3.357958360000000142e-01
4.470000000000000000e+02 3.357958360000000142e-01
4.480000000000000000e+02 3.357958360000000142e-01
4.490000000000000000e+02 3.357958360000000142e-01
4.500000000000000000e+02 3.357958360000000142e-01
4.510000000000000000e+02 3.357688959999999834e-01
4.520000000000000000e+02 3.356831149999999764e-01
4.530000000000000000e+02 3.356831149999999764e-01
4.540000000000000000e+02 3.357870719279792970e-01
4.550000000000000000e+02 3.357932540838859392e-01
4.560000000000000000e+02 3.357994226675403704e-01
4.570000000000000000e+02 3.358055777384049145e-01
4.580000000000000000e+02 3.358117193555519298e-01
4.590000000000000000e+02 3.358178475776672500e-01
4.600000000000000000e+02 3.358239624630536269e-01
4.610000000000000000e+02 3.358300640696338935e-01
4.620000000000000000e+02 3.358361524549544619e-01
4.630000000000000000e+02 3.358422276761884318e-01
4.640000000000000000e+02 3.358482897901387543e-01
4.650000000000000000e+02 3.358543388532416185e-01
4.660000000000000000e+02 3.358603749215695045e-01
4.670000000000000000e+02 3.358663980508342917e-01
4.680000000000000000e+02 3.358724082963902013e-01
4.690000000000000000e+02 3.358784057132372380e-01
4.700000000000000000e+02 3.358843903560238542e-01
4.710000000000000000e+02 3.358903622790499477e-01
4.720000000000000000e+02 3.358963215362700816e-01
4.730000000000000000e+02 3.359022681812962596e-01
4.740000000000000000e+02 3.359082022674006462e-01
4.750000000000000000e+02 3.359141238475187308e-01
4.760000000000000000e+02 3.359200329742519919e-01
4.770000000000000000e+02 3.359259296998706734e-01
4.780000000000000000e+02 3.359318140763167815e-01
4.790000000000000000e+02 3.359376861552064719e-01
4.800000000000000000e+02 3.359435459878330477e-01
4.810000000000000000e+02 3.359493936251696233e-01
4.820000000000000000e+02 3.359552291178716232e-01
4.830000000000000000e+02 3.359610525162795569e-01
4.840000000000000000e+02 3.359668638704215726e-01
4.850000000000000000e+02 3.359726632300161220e-01
4.860000000000000000e+02 3.359784506444742358e-01
4.870000000000000000e+02 3.359842261629025217e-01
4.880000000000000000e+02 3.359899898341052182e-01
4.890000000000000000e+02 3.359957417065868590e-01
4.900000000000000000e+02 3.360014818285547156e-01
4.910000000000000000e+02 3.360072102479212397e-01
4.920000000000000000e+02 3.360129270123064504e-01
4.930000000000000000e+02 3.360186321690402655e-01
4.940000000000000000e+02 3.360243257651648885e-01
4.950000000000000000e+02 3.360300078474370844e-01
4.960000000000000000e+02 3.360356784623306226e-01
4.970000000000000000e+02 3.360413376560383858e-01
4.980000000000000000e+02 3.360469854744747575e-01
4.990000000000000000e+02 3.360526219632777867e-01
5.000000000000000000e+02 3.360582471678113525e-01
5.010000000000000000e+02 3.360638611331676073e-01
5.020000000000000000e+02 3.360694639041686971e-01
5.030000000000000000e+02 3.360750555253694261e-01
5.040000000000000000e+02 3.360806360410589777e-01
5.050000000000000000e+02 3.360862054952631905e-01
5.060000000000000000e+02 3.360917639317466676e-01
5.070000000000000000e+02 3.360973113940147194e-01
5.080000000000000000e+02 3.361028479253155288e-01
5.090000000000000000e+02 3.361083735686422047e-01
5.100000000000000000e+02 3.361138883667345589e-01
5.110000000000000000e+02 3.361193923620813262e-01
5.120000000000000000e+02 3.361248855969220517e-01
5.130000000000000000e+02 3.361303681132489229e-01
5.140000000000000000e+02 3.361358399528089347e-01
5.150000000000000000e+02 3.361413011571055542e-01
5.160000000000000000e+02 3.361467517674007199e-01
5.170000000000000000e+02 3.361521918247168395e-01
5.180000000000000000e+02 3.361576213698383997e-01
5.190000000000000000e+02 3.361630404433137986e-01
5.200000000000000000e+02 3.361684490854575103e-01
5.210000000000000000e+02 3.361738473363515278e-01
5.220000000000000000e+02 3.361792352358473068e-01
5.230000000000000000e+02 3.361846128235673192e-01
5.240000000000000000e+02 3.361899801389072739e-01
5.250000000000000000e+02 3.361953372210372826e-01
5.260000000000000000e+02 3.362006841089040243e-01
5.270000000000000000e+02 3.362060208412321338e-01
5.280000000000000000e+02 3.362113474565260884e-01
5.290000000000000000e+02 3.362166639930717071e-01
5.300000000000000000e+02 3.362219704889379823e-01
5.310000000000000000e+02 3.362272669819786342e-01
5.320000000000000000e+02 3.362325535098336093e-01
5.330000000000000000e+02 3.362378301099309685e-01
5.340000000000000000e+02 3.362430968194880521e-01
5.350000000000000000e+02 3.362483536755136448e-01
5.360000000000000000e+02 3.362536007148088646e-01
5.370000000000000000e+02 3.362588379739692157e-01
5.380000000000000000e+02 3.362640654893860326e-01
5.390000000000000000e+02 3.362692832972477563e-01
5.400000000000000000e+02 3.362744914335416002e-01
5.410000000000000000e+02 3.362796899340551038e-01
5.420000000000000000e+02 3.362848788343775208e-01
5.430000000000000000e+02 3.362900581699013181e-01
5.440000000000000000e+02 3.362952279758235630e-01
5.450000000000000000e+02 3.363003882871473671e-01
5.460000000000000000e+02 3.363055391386834403e-01
5.470000000000000000e+02 3.363106805650513675e-01
5.480000000000000000e+02 3.363158126006809412e-01
5.490000000000000000e+02 3.363209352798137708e-01
5.500000000000000000e+02 3.363260486365043933e-01
5.510000000000000000e+02 3.363311527046219385e-01
5.520000000000000000e+02 3.363362475178511279e-01
5.530000000000000000e+02 3.363413331096938852e-01
5.540000000000000000e+02 3.363464095134705012e-01
5.550000000000000000e+02 3.363514767623209667e-01
5.560000000000000000e+02 3.363565348892064155e-01
5.570000000000000000e+02 3.363615839269101238e-01
5.580000000000000000e+02 3.363666239080391751e-01
5.590000000000000000e+02 3.363716548650252380e-01
5.600000000000000000e+02 3.363766768301262866e-01
5.610000000000000000e+02 3.363816898354275997e-01
5.620000000000000000e+02 3.363866939128429823e-01
5.630000000000000000e+02 3.363916890941159865e-01
5.640000000000000000e+02 3.363966754108213553e-01
5.650000000000000000e+02 3.364016528943657991e-01
5.660000000000000000e+02 3.364066215759896061e-01
5.670000000000000000e+02 3.364115814867675303e-01
5.680000000000000000e+02 3.364165326576100123e-01
5.690000000000000000e+02 3.364214751192644015e-01
5.700000000000000000e+02 3.364264089023162319e-01
5.710000000000000000e+02 3.364313340371899996e-01
5.720000000000000000e+02 3.364362505541505510e-01
5.730000000000000000e+02 3.364411584833041924e-01
5.740000000000000000e+02 3.364460578545996894e-01
5.750000000000000000e+02 3.364509486978294883e-01
5.760000000000000000e+02 3.364558310426305487e-01
5.770000000000000000e+02 3.364607049184858978e-01
5.780000000000000000e+02 3.364655703547250742e-01
5.790000000000000000e+02 3.364704273805257939e-01
5.800000000000000000e+02 3.364752760249146157e-01
5.810000000000000000e+02 3.364801163167679965e-01
5.820000000000000000e+02 3.364849482848136231e-01
5.830000000000000000e+02 3.364897719576310231e-01
5.840000000000000000e+02 3.364945873636529527e-01
5.850000000000000000e+02 3.364993945311660628e-01
5.860000000000000000e+02 3.365041934883122310e-01
5.870000000000000000e+02 3.365089842630893391e-01
5.880000000000000000e+02 3.365137668833522167e-01
5.890000000000000000e+02 3.365185413768138067e-01
5.900000000000000000e+02 3.365233077710459431e-01
5.910000000000000000e+02 3.365280660934804602e-01
5.920000000000000000e+02 3.365328163714099707e-01
5.930000000000000000e+02 3.365375586319889201e-01
5.940000000000000000e+02 3.365422929022345855e-01
5.950000000000000000e+02 3.365470192090277979e-01
5.960000000000000000e+02 3.365517375791140520e-01
5.970000000000000000e+02 3.365564480391041724e-01
5.980000000000000000e+02 3.365611506154756460e-01
5.990000000000000000e+02 3.365658453345729550e-01
6.000000000000000000e+02 3.365705322226089091e-01
6.010000000000000000e+02 3.365752113056653672e-01
6.020000000000000000e+02 3.365798826096940144e-01
6.030000000000000000e+02 3.365845461605173616e-01
6.040000000000000000e+02 3.365892019838296334e-01
6.050000000000000000e+02 3.365938501051974341e-01
6.060000000000000000e+02 3.365984905500606916e-01
6.070000000000000000e+02 3.366031233437336012e-01
6.080000000000000000e+02 3.366077485114052359e-01
6.090000000000000000e+02 3.366123660781405458e-01
6.100000000000000000e+02 3.366169760688810797e-01
6.110000000000000000e+02 3.366215785084458179e-01
6.120000000000000000e+02 3.366261734215321155e-01
6.130000000000000000e+02 3.366307608327160916e-01
6.140000000000000000e+02 3.366353407664539055e-01
6.150000000000000000e+02 3.366399132470823119e-01
6.160000000000000000e+02 3.366444782988193274e-01
6.170000000000000000e+02 3.366490359457651738e-01
6.180000000000000000e+02 3.366535862119030553e-01
6.190000000000000000e+02 3.366581291210997140e-01
6.200000000000000000e+02 3.366626646971064840e-01
6.210000000000000000e+02 3.366671929635596805e-01
6.220000000000000000e+02 3.366717139439816542e-01
6.230000000000000000e+02 3.366762276617813465e-01
6.240000000000000000e+02 3.366807341402550668e-01
6.250000000000000000e+02 3.366852334025872140e-01
6.260000000000000000e+02 3.366897254718510535e-01
6.270000000000000000e+02 3.366942103710092726e-01
6.280000000000000000e+02 3.366986881229148132e-01
6.290000000000000000e+02 3.367031587503114820e-01
6.300000000000000000e+02 3.367076222758348392e-01
6.310000000000000000e+02 3.367120787220125866e-01
6.320000000000000000e+02 3.367165281112654562e-01
6.330000000000000000e+02 3.367209704659079317e-01
6.340000000000000000e+02 3.367254058081486923e-01
6.350000000000000000e+02 3.367298341600913902e-01
6.360000000000000000e+02 3.367342555437355389e-01
6.370000000000000000e+02 3.367386699809767348e-01
6.380000000000000000e+02 3.367430774936076565e-01
6.390000000000000000e+02 3.367474781033185094e-01
6.400000000000000000e+02 3.367518718316979132e-01
6.410000000000000000e+02 3.367562587002331242e-01
6.420000000000000000e+02 3.367606387303111459e-01
6.430000000000000000e+02 3.367650119432189504e-01
6.440000000000000000e+02 3.367693783601443669e-01
6.450000000000000000e+02 3.367737380021765814e-01
6.460000000000000000e+02 3.367780908903067472e-01
6.470000000000000000e+02 3.367824370454285954e-01
6.480000000000000000e+02 3.367867764883391013e-01
6.490000000000000000e+02 3.367911092397389838e-01
6.500000000000000000e+02 3.367954353202333717e-01
6.510000000000000000e+02 3.367997547503324141e-01
6.520000000000000000e+02 3.368040675504516690e-01
6.530000000000000000e+02 3.368083737409130474e-01
6.540000000000000000e+02 3.368126733419449237e-01
6.550000000000000000e+02 3.368169663736831354e-01
6.560000000000000000e+02 3.368212528561713159e-01
6.570000000000000000e+02 3.368255328093614498e-01
6.580000000000000000e+02 3.368298062531145942e-01
6.590000000000000000e+02 3.368340732072012123e-01
6.600000000000000000e+02 3.368383336913019499e-01
6.610000000000000000e+02 3.368425877250078582e-01
6.620000000000000000e+02 3.368468353278214478e-01
6.630000000000000000e+02 3.368510765191565781e-01
6.640000000000000000e+02 3.368553113183396230e-01
6.650000000000000000e+02 3.368595397446094708e-01
6.660000000000000000e+02 3.368637618171185233e-01
6.670000000000000000e+02 3.368679775549326960e-01
6.680000000000000000e+02 3.368721869770324173e-01
6.690000000000000000e+02 3.368763901023129614e-01
6.700000000000000000e+02 3.368805869495847261e-01
6.710000000000000000e+02 3.368847775375741205e-01
6.720000000000000000e+02 3.368889618849238432e-01
6.730000000000000000e+02 3.368931400101933815e-01
6.740000000000000000e+02 3.368973119318597331e-01
6.750000000000000000e+02 3.369014776683174617e-01
6.760000000000000000e+02 3.369056372378795294e-01
6.770000000000000000e+02 3.369097906587778524e-01
6.780000000000000000e+02 3.369139379491633557e-01
6.790000000000000000e+02 3.369180791271068620e-01
6.800000000000000000e+02 3.369222142105994244e-01
6.810000000000000000e+02 3.369263432175526596e-01
6.820000000000000000e+02 3.369304661657995248e-01
6.830000000000000000e+02 3.369345830730943736e-01
6.840000000000000000e+02 3.369386939571137884e-01
6.850000000000000000e+02 3.369427988354568027e-01
6.860000000000000000e+02 3.369468977256454556e-01
6.870000000000000000e+02 3.369509906451252923e-01
6.880000000000000000e+02 3.369550776112655854e-01
6.890000000000000000e+02 3.369591586413600015e-01
6.900000000000000000e+02 3.369632337526269894e-01
6.910000000000000000e+02 3.369673029622101135e-01
6.920000000000000000e+02 3.369713662871786641e-01
6.930000000000000000e+02 3.369754237445278799e-01
6.940000000000000000e+02 3.369794753511795027e-01
6.950000000000000000e+02 3.369835211239822770e-01
6.960000000000000000e+02 3.369875610797121168e-01
6.970000000000000000e+02 3.369915952350728272e-01
6.980000000000000000e+02 3.369956236066962707e-01
6.990000000000000000e+02 3.369996462111429225e-01
7.000000000000000000e+02 3.370036630649021481e-01
7.010000000000000000e+02 3.370076741843928692e-01
7.020000000000000000e+02 3.370116795859636194e-01
7.030000000000000000e+02 3.370156792858931549e-01
7.040000000000000000e+02 3.370196733003908984e-01
7.050000000000000000e+02 3.370236616455972167e-01
7.060000000000000000e+02 3.370276443375837538e-01
7.070000000000000000e+02 3.370316213923539861e-01
7.080000000000000000e+02 3.370355928258434997e-01
7.090000000000000000e+02 3.370395586539204347e-01
7.100000000000000000e+02 3.370435188923858183e-01
7.110000000000000000e+02 3.370474735569740088e-01
7.120000000000000000e+02 3.370514226633529176e-01
7.130000000000000000e+02 3.370553662271245643e-01
7.140000000000000000e+02 3.370593042638253545e-01
7.150000000000000000e+02 3.370632367889264125e-01
7.160000000000000000e+02 3.370671638178340812e-01
7.170000000000000000e+02 3.370710853658901440e-01
7.180000000000000000e+02 3.370750014483722135e-01
7.190000000000000000e+02 3.370789120804941752e-01
7.200000000000000000e+02 3.370828172774064102e-01
7.210000000000000000e+02 3.370867170541962943e-01
7.220000000000000000e+02 3.370906114258884201e-01
7.230000000000000000e+02 3.370945004074449858e-01
7.240000000000000000e+02 3.370983840137661836e-01
7.250000000000000000e+02 3.371022622596904772e-01
7.260000000000000000e+02 3.371061351599949352e-01
7.270000000000000000e+02 3.371100027293957857e-01
7.280000000000000000e+02 3.371138649825483058e-01
7.290000000000000000e+02 3.371177219340476539e-01
7.300000000000000000e+02 3.371215735984288142e-01
7.310000000000000000e+02 3.371254199901670967e-01
7.320000000000000000e+02 3.371292611236785808e-01
7.330000000000000000e+02 3.371330970133201710e-01
7.340000000000000000e+02 3.371369276733900411e-01
7.350000000000000000e+02 3.371407531181280781e-01
7.360000000000000000e+02 3.371445733617159934e-01
7.370000000000000000e+02 3.371483884182777113e-01
7.380000000000000000e+02 3.371521983018798130e-01
7.390000000000000000e+02 3.371560030265317032e-01
7.400000000000000000e+02 3.371598026061858322e-01
7.410000000000000000e+02 3.371635970547382510e-01
7.420000000000000000e+02 3.371673863860287779e-01
7.430000000000000000e+02 3.371711706138412756e-01
7.440000000000000000e+02 3.371749497519039851e-01
7.450000000000000000e+02 3.371787238138899134e-01
7.460000000000000000e+02 3.371824928134168897e-01
7.470000000000000000e+02 3.371862567640481201e-01
7.480000000000000000e+02 3.371900156792924652e-01
7.490000000000000000e+02 3.371937695726043849e-01
7.500000000000000000e+02 3.371975184573847706e-01
7.510000000000000000e+02 3.372012623469807235e-01
7.520000000000000000e+02 3.372050012546862208e-01
7.530000000000000000e+02 3.372087351937421151e-01
7.540000000000000000e+02 3.372124641773366349e-01
7.550000000000000000e+02 3.372161882186054949e-01
7.560000000000000000e+02 3.372199073306323402e-01
7.570000000000000000e+02 3.372236215264488579e-01
7.580000000000000000e+02 3.372273308190351648e-01
7.590000000000000000e+02 3.372310352213200302e-01
7.600000000000000000e+02 3.372347347461810974e-01
7.610000000000000000e+02 3.372384294064452726e-01
7.620000000000000000e+02 3.372421192148889468e-01
7.630000000000000000e+02 3.372458041842381626e-01
7.640000000000000000e+02 3.372494843271690579e-01
7.650000000000000000e+02 3.372531596563079215e-01
7.660000000000000000e+02 3.372568301842316929e-01
7.670000000000000000e+02 3.372604959234679622e-01
7.680000000000000000e+02 3.372641568864954142e-01
7.690000000000000000e+02 3.372678130857439949e-01
7.700000000000000000e+02 3.372714645335951889e-01
7.710000000000000000e+02 3.372751112423822972e-01
7.720000000000000000e+02 3.372787532243906594e-01
7.730000000000000000e+02 3.372823904918578752e-01
7.740000000000000000e+02 3.372860230569741380e-01
7.750000000000000000e+02 3.372896509318823455e-01
7.760000000000000000e+02 3.372932741286784886e-01
7.770000000000000000e+02 3.372968926594117622e-01
7.780000000000000000e+02 3.373005065360849541e-01
7.790000000000000000e+02 3.373041157706545001e-01
7.800000000000000000e+02 3.373077203750309283e-01
7.810000000000000000e+02 3.373113203610788591e-01
7.820000000000000000e+02 3.373149157406175047e-01
7.830000000000000000e+02 3.373185065254206694e-01
7.840000000000000000e+02 3.373220927272170822e-01
7.850000000000000000e+02 3.373256743576906747e-01
7.860000000000000000e+02 3.373292514284806365e-01
7.870000000000000000e+02 3.373328239511819704e-01
7.880000000000000000e+02 3.373363919373453257e-01
7.890000000000000000e+02 3.373399553984774424e-01
7.900000000000000000e+02 3.373435143460413177e-01
7.910000000000000000e+02 3.373470687914565946e-01
7.920000000000000000e+02 3.373506187460994510e-01
7.930000000000000000e+02 3.373541642213030989e-01
7.940000000000000000e+02 3.373577052283578404e-01
7.950000000000000000e+02 3.373612417785114004e-01
7.960000000000000000e+02 3.373647738829690379e-01
7.970000000000000000e+02 3.373683015528938789e-01
7.980000000000000000e+02 3.373718247994070274e-01
7.990000000000000000e+02 3.373753436335877320e-01
8.000000000000000000e+02 3.373788580664737191e-01
8.010000000000000000e+02 3.373823681090614701e-01
8.020000000000000000e+02 3.373858737723060552e-01
8.030000000000000000e+02 3.373893750671217995e-01
8.040000000000000000e+02 3.373928720043822271e-01
8.050000000000000000e+02 3.373963645949202284e-01
8.060000000000000000e+02 3.373998528495285032e-01
8.070000000000000000e+02 3.374033367789593951e-01
8.080000000000000000e+02 3.374068163939255571e-01
8.090000000000000000e+02 3.374102917050996742e-01
8.100000000000000000e+02 3.374137627231149628e-01
8.110000000000000000e+02 3.374172294585652820e-01
8.120000000000000000e+02 3.374206919220053558e-01
8.130000000000000000e+02 3.374241501239509389e-01
8.140000000000000000e+02 3.374276040748788730e-01
8.150000000000000000e+02 3.374310537852275305e-01
8.160000000000000000e+02 3.374344992653969255e-01
8.170000000000000000e+02 3.374379405257487696e-01
8.180000000000000000e+02 3.374413775766068047e-01
8.190000000000000000e+02 3.374448104282568583e-01
8.200000000000000000e+02 3.374482390909471774e-01
8.210000000000000000e+02 3.374516635748884830e-01
8.220000000000000000e+02 3.374550838902543037e-01
8.230000000000000000e+02 3.374585000471809759e-01
8.240000000000000000e+02 3.374619120557679208e-01
8.250000000000000000e+02 3.374653199260778114e-01
8.260000000000000000e+02 3.374687236681367386e-01
8.270000000000000000e+02 3.374721232919344893e-01
8.280000000000000000e+02 3.374755188074244905e-01
8.290000000000000000e+02 3.374789102245243089e-01
8.300000000000000000e+02 3.374822975531154845e-01
8.310000000000000000e+02 3.374856808030438637e-01
8.320000000000000000e+02 3.374890599841198768e-01
8.330000000000000000e+02 3.374924351061185934e-01
8.340000000000000000e+02 3.374958061787797781e-01
8.350000000000000000e+02 3.374991732118082788e-01
8.360000000000000000e+02 3.375025362148741381e-01
8.370000000000000000e+02 3.375058951976125377e-01
8.380000000000000000e+02 3.375092501696243530e-01
8.390000000000000000e+02 3.375126011404759874e-01
8.400000000000000000e+02 3.375159481196996492e-01
8.410000000000000000e+02 3.375192911167936849e-01
8.420000000000000000e+02 3.375226301412223573e-01
8.430000000000000000e+02 3.375259652024163448e-01
8.440000000000000000e+02 3.375292963097727972e-01
8.450000000000000000e+02 3.375326234726553909e-01
8.460000000000000000e+02 3.375359467003947178e-01
8.470000000000000000e+02 3.375392660022882296e-01
8.480000000000000000e+02 3.375425813876003489e-01
8.490000000000000000e+02 3.375458928655630242e-01
8.500000000000000000e+02 3.375492004453752859e-01
8.510000000000000000e+02 3.375525041362039125e-01
8.520000000000000000e+02 3.375558039471833749e-01
8.530000000000000000e+02 3.375590998874158921e-01
8.540000000000000000e+02 3.375623919659718197e-01
8.550000000000000000e+02 3.375656801918895944e-01
8.560000000000000000e+02 3.375689645741760114e-01
8.570000000000000000e+02 3.375722451218061693e-01
8.580000000000000000e+02 3.375755218437239691e-01
8.590000000000000000e+02 3.375787947488418927e-01
8.600000000000000000e+02 3.375820638460414469e-01
8.610000000000000000e+02 3.375853291441731074e-01
8.620000000000000000e+02 3.375885906520564861e-01
8.630000000000000000e+02 3.375918483784806079e-01
8.640000000000000000e+02 3.375951023322039668e-01
8.650000000000000000e+02 3.375983525219545256e-01
8.660000000000000000e+02 3.376015989564301045e-01
8.670000000000000000e+02 3.376048416442984368e-01
8.680000000000000000e+02 3.376080805941972240e-01
8.690000000000000000e+02 3.376113158147343585e-01
8.700000000000000000e+02 3.376145473144879783e-01
8.710000000000000000e+02 3.376177751020066897e-01
8.720000000000000000e+02 3.376209991858097337e-01
8.730000000000000000e+02 3.376242195743869856e-01
8.740000000000000000e+02 3.376274362761991776e-01
8.750000000000000000e+02 3.376306492996780095e-01
8.760000000000000000e+02 3.376338586532263153e-01
8.770000000000000000e+02 3.376370643452181186e-01
8.780000000000000000e+02 3.376402663839989660e-01
8.790000000000000000e+02 3.376434647778856490e-01
8.800000000000000000e+02 3.376466595351667599e-01
8.810000000000000000e+02 3.376498506641026909e-01
8.820000000000000000e+02 3.376530381729255792e-01
8.830000000000000000e+02 3.376562220698397510e-01
8.840000000000000000e+02 3.376594023630214436e-01
8.850000000000000000e+02 3.376625790606193611e-01
8.860000000000000000e+02 3.376657521707545073e-01
8.870000000000000000e+02 3.376689217015204081e-01
8.880000000000000000e+02 3.376720876609833333e-01
8.890000000000000000e+02 3.376752500571821858e-01
8.900000000000000000e+02 3.376784088981287790e-01
8.910000000000000000e+02 3.376815641918080035e-01
8.920000000000000000e+02 3.376847159461777714e-01
8.930000000000000000e+02 3.376878641691694050e-01
8.940000000000000000e+02 3.376910088686874145e-01
8.950000000000000000e+02 3.376941500526099427e-01
8.960000000000000000e+02 3.376972877287886532e-01
8.970000000000000000e+02 3.377004219050490086e-01
8.980000000000000000e+02 3.377035525891902146e-01
8.990000000000000000e+02 3.377066797889855532e-01
9.000000000000000000e+02 3.377098035121822717e-01
9.010000000000000000e+02 3.377129237665019157e-01
9.020000000000000000e+02 3.377160405596401627e-01
9.030000000000000000e+02 3.377191538992673769e-01
9.040000000000000000e+02 3.377222637930281657e-01
9.050000000000000000e+02 3.377253702485420450e-01
9.060000000000000000e+02 3.377284732734030515e-01
9.070000000000000000e+02 3.377315728751801860e-01
9.080000000000000000e+02 3.377346690614175251e-01
9.090000000000000000e+02 3.377377618396341097e-01
9.100000000000000000e+02 3.377408512173241673e-01
9.110000000000000000e+02 3.377439372019573338e-01
9.120000000000000000e+02 3.377470198009785984e-01
9.130000000000000000e+02 3.377500990218084698e-01
9.140000000000000000e+02 3.377531748718431426e-01
9.150000000000000000e+02 3.377562473584544422e-01
9.160000000000000000e+02 3.377593164889901578e-01
9.170000000000000000e+02 3.377623822707739309e-01
9.180000000000000000e+02 3.377654447111054781e-01
9.190000000000000000e+02 3.377685038172607568e-01
9.200000000000000000e+02 3.377715595964918549e-01
9.210000000000000000e+02 3.377746120560273235e-01
9.220000000000000000e+02 3.377776612030721215e-01
9.230000000000000000e+02 3.377807070448078375e-01
9.240000000000000000e+02 3.377837495883926899e-01
9.250000000000000000e+02 3.377867888409616937e-01
9.260000000000000000e+02 3.377898248096266598e-01
9.270000000000000000e+02 3.377928575014764179e-01
9.280000000000000000e+02 3.377958869235769823e-01
9.290000000000000000e+02 3.377989130829713305e-01
9.300000000000000000e+02 3.378019359866798466e-01
9.310000000000000000e+02 3.378049556417002663e-01
9.320000000000000000e+02 3.378079720550077325e-01
9.330000000000000000e+02 3.378109852335550167e-01
9.340000000000000000e+02 3.378139951842724642e-01
9.350000000000000000e+02 3.378170019140682712e-01
9.360000000000000000e+02 3.378200054298284294e-01
9.370000000000000000e+02 3.378230057384168372e-01
9.380000000000000000e+02 3.378260028466754661e-01
9.390000000000000000e+02 3.378289967614244160e-01
9.400000000000000000e+02 3.378319874894620267e-01
9.410000000000000000e+02 3.378349750375649330e-01
9.420000000000000000e+02 3.378379594124881757e-01
9.430000000000000000e+02 3.378409406209652577e-01
9.440000000000000000e+02 3.378439186697083096e-01
9.450000000000000000e+02 3.378468935654082017e-01
9.460000000000000000e+02 3.378498653147344877e-01
9.470000000000000000e+02 3.378528339243355716e-01
9.480000000000000000e+02 3.378557994008388743e-01
9.490000000000000000e+02 3.378587617508507779e-01
9.500000000000000000e+02 3.378617209809569588e-01
9.510000000000000000e+02 3.378646770977220548e-01
9.520000000000000000e+02 3.378676301076901645e-01
9.530000000000000000e+02 3.378705800173848472e-01
9.540000000000000000e+02 3.378735268333089015e-01
9.550000000000000000e+02 3.378764705619449193e-01
9.560000000000000000e+02 3.378794112097550095e-01
9.570000000000000000e+02 3.378823487831810191e-01
9.580000000000000000e+02 3.378852832886446445e-01
9.590000000000000000e+02 3.378882147325475427e-01
9.600000000000000000e+02 3.378911431212712757e-01
9.610000000000000000e+02 3.378940684611774214e-01
9.620000000000000000e+02 3.378969907586078514e-01
9.630000000000000000e+02 3.378999100198845085e-01
9.640000000000000000e+02 3.379028262513098513e-01
9.650000000000000000e+02 3.379057394591665209e-01
9.660000000000000000e+02 3.379086496497177849e-01
9.670000000000000000e+02 3.379115568292073712e-01
9.680000000000000000e+02 3.379144610038598007e-01
9.690000000000000000e+02 3.379173621798801097e-01
9.700000000000000000e+02 3.379202603634542945e-01
9.710000000000000000e+02 3.379231555607491999e-01
9.720000000000000000e+02 3.379260477779124638e-01
9.730000000000000000e+02 3.379289370210730170e-01
9.740000000000000000e+02 3.379318232963407498e-01
9.750000000000000000e+02 3.379347066098067898e-01
9.760000000000000000e+02 3.379375869675434463e-01
9.770000000000000000e+02 3.379404643756044879e-01
9.780000000000000000e+02 3.379433388400250871e-01
9.790000000000000000e+02 3.379462103668218198e-01
9.800000000000000000e+02 3.379490789619929436e-01
9.810000000000000000e+02 3.379519446315182862e-01
9.820000000000000000e+02 3.379548073813594677e-01
9.830000000000000000e+02 3.379576672174598451e-01
9.840000000000000000e+02 3.379605241457446785e-01
9.850000000000000000e+02 3.379633781721211871e-01
9.860000000000000000e+02 3.379662293024784936e-01
9.870000000000000000e+02 3.379690775426879568e-01
9.880000000000000000e+02 3.379719228986031165e-01
9.890000000000000000e+02 3.379747653760595272e-01
9.900000000000000000e+02 3.379776049808753124e-01
9.910000000000000000e+02 3.379804417188507770e-01
9.920000000000000000e+02 3.379832755957688506e-01
9.930000000000000000e+02 3.379861066173948103e-01
9.940000000000000000e+02 3.379889347894766138e-01
9.950000000000000000e+02 3.379917601177448994e-01
9.960000000000000000e+02 3.379945826079129856e-01
9.970000000000000000e+02 3.379974022656770383e-01
9.980000000000000000e+02 3.380002190967160147e-01
9.990000000000000000e+02 3.380030331066918858e-01
