#(1) pixel number for u channel
#(2) dispersion, in nm per pixel for u channel
#    extrapolation starts at pixel 308
#(1)			 (2)
1.000000000000000000e+00 3.212335370000000134e-01
2.000000000000000000e+00 3.212335370000000134e-01
3.000000000000000000e+00 3.212335370000000134e-01
4.000000000000000000e+00 3.214167150000000195e-01
5.000000000000000000e+00 3.214400510000000044e-01
6.000000000000000000e+00 3.214400510000000044e-01
7.000000000000000000e+00 3.214400510000000044e-01
8.000000000000000000e+00 3.214400510000000044e-01
9.000000000000000000e+00 3.214400510000000044e-01
1.000000000000000000e+01 3.215775599999999845e-01
1.100000000000000000e+01 3.216468319999999936e-01
1.200000000000000000e+01 3.216468319999999936e-01
1.300000000000000000e+01 3.217619500000000188e-01
1.400000000000000000e+01 3.218538779999999822e-01
1.500000000000000000e+01 3.218538779999999822e-01
1.600000000000000000e+01 3.218538779999999822e-01
1.700000000000000000e+01 3.218538779999999822e-01
1.800000000000000000e+01 3.218538779999999822e-01
1.900000000000000000e+01 3.218893170000000081e-01
2.000000000000000000e+01 3.219575020000000065e-01
2.100000000000000000e+01 3.219575020000000065e-01
2.200000000000000000e+01 3.220064590000000226e-01
2.300000000000000000e+01 3.221649480000000065e-01
2.400000000000000000e+01 3.221649480000000065e-01
2.500000000000000000e+01 3.221786529999999815e-01
2.600000000000000000e+01 3.222687719999999811e-01
2.700000000000000000e+01 3.222687719999999811e-01
2.800000000000000000e+01 3.222717849999999773e-01
2.900000000000000000e+01 3.223726630000000037e-01
3.000000000000000000e+01 3.223726630000000037e-01
3.100000000000000000e+01 3.223726630000000037e-01
3.200000000000000000e+01 3.223726630000000037e-01
3.300000000000000000e+01 3.223726630000000037e-01
3.400000000000000000e+01 3.223726630000000037e-01
3.500000000000000000e+01 3.225442479999999779e-01
3.600000000000000000e+01 3.225806449999999992e-01
3.700000000000000000e+01 3.225806449999999992e-01
3.800000000000000000e+01 3.226561119999999949e-01
3.900000000000000000e+01 3.226847369999999993e-01
4.000000000000000000e+01 3.226847369999999993e-01
4.100000000000000000e+01 3.228151859999999762e-01
4.200000000000000000e+01 3.228931219999999769e-01
4.300000000000000000e+01 3.228931219999999769e-01
4.400000000000000000e+01 3.228931219999999769e-01
4.500000000000000000e+01 3.228931219999999769e-01
4.600000000000000000e+01 3.228931219999999769e-01
4.700000000000000000e+01 3.229381769999999929e-01
4.800000000000000000e+01 3.229974159999999817e-01
4.900000000000000000e+01 3.229974159999999817e-01
5.000000000000000000e+01 3.230324809999999824e-01
5.100000000000000000e+01 3.231017769999999789e-01
5.200000000000000000e+01 3.231017769999999789e-01
5.300000000000000000e+01 3.231269440000000270e-01
5.400000000000000000e+01 3.232062059999999959e-01
5.500000000000000000e+01 3.232062059999999959e-01
5.600000000000000000e+01 3.232215660000000157e-01
5.700000000000000000e+01 3.233107020000000054e-01
5.800000000000000000e+01 3.233107020000000054e-01
5.900000000000000000e+01 3.233163479999999756e-01
6.000000000000000000e+01 3.234152650000000073e-01
6.100000000000000000e+01 3.234152650000000073e-01
6.200000000000000000e+01 3.234152650000000073e-01
6.300000000000000000e+01 3.235159200000000124e-01
6.400000000000000000e+01 3.235198959999999735e-01
6.500000000000000000e+01 3.235198959999999735e-01
6.600000000000000000e+01 3.235198959999999735e-01
6.700000000000000000e+01 3.235198959999999735e-01
6.800000000000000000e+01 3.235198959999999735e-01
6.900000000000000000e+01 3.236832800000000177e-01
7.000000000000000000e+01 3.237293620000000205e-01
7.100000000000000000e+01 3.237293620000000205e-01
7.200000000000000000e+01 3.238018029999999992e-01
7.300000000000000000e+01 3.238341969999999903e-01
7.400000000000000000e+01 3.238341969999999903e-01
7.500000000000000000e+01 3.238341969999999903e-01
7.600000000000000000e+01 3.238341969999999903e-01
7.700000000000000000e+01 3.238341969999999903e-01
7.800000000000000000e+01 3.239422820000000258e-01
7.900000000000000000e+01 3.240440700000000174e-01
8.000000000000000000e+01 3.240440700000000174e-01
8.100000000000000000e+01 3.240440700000000174e-01
8.200000000000000000e+01 3.240440700000000174e-01
8.300000000000000000e+01 3.240440700000000174e-01
8.400000000000000000e+01 3.240800979999999831e-01
8.500000000000000000e+01 3.241491089999999908e-01
8.600000000000000000e+01 3.241491089999999908e-01
8.700000000000000000e+01 3.241762260000000118e-01
8.800000000000000000e+01 3.242542150000000123e-01
8.900000000000000000e+01 3.242542150000000123e-01
9.000000000000000000e+01 3.242725160000000106e-01
9.100000000000000000e+01 3.243593900000000252e-01
9.200000000000000000e+01 3.243593900000000252e-01
9.300000000000000000e+01 3.243593900000000252e-01
9.400000000000000000e+01 3.243593900000000252e-01
9.500000000000000000e+01 3.243593900000000252e-01
9.600000000000000000e+01 3.243602320000000261e-01
9.700000000000000000e+01 3.244646330000000023e-01
9.800000000000000000e+01 3.244646330000000023e-01
9.900000000000000000e+01 3.244646330000000023e-01
1.000000000000000000e+02 3.245621519999999927e-01
1.010000000000000000e+02 3.245699450000000263e-01
1.020000000000000000e+02 3.245699450000000263e-01
1.030000000000000000e+02 3.246589910000000079e-01
1.040000000000000000e+02 3.246753250000000146e-01
1.050000000000000000e+02 3.246753250000000146e-01
1.060000000000000000e+02 3.247559930000000206e-01
1.070000000000000000e+02 3.247807730000000226e-01
1.080000000000000000e+02 3.247807730000000226e-01
1.090000000000000000e+02 3.247807730000000226e-01
1.100000000000000000e+02 3.247807730000000226e-01
1.110000000000000000e+02 3.247807730000000226e-01
1.120000000000000000e+02 3.249089119999999942e-01
1.130000000000000000e+02 3.249918749999999856e-01
1.140000000000000000e+02 3.249918749999999856e-01
1.150000000000000000e+02 3.249918749999999856e-01
1.160000000000000000e+02 3.249918749999999856e-01
1.170000000000000000e+02 3.249918749999999856e-01
1.180000000000000000e+02 3.249918749999999856e-01
1.190000000000000000e+02 3.249918749999999856e-01
1.200000000000000000e+02 3.249918749999999856e-01
1.210000000000000000e+02 3.250713530000000073e-01
1.220000000000000000e+02 3.252032519999999982e-01
1.230000000000000000e+02 3.252032519999999982e-01
1.240000000000000000e+02 3.252032519999999982e-01
1.250000000000000000e+02 3.252032519999999982e-01
1.260000000000000000e+02 3.252032519999999982e-01
1.270000000000000000e+02 3.252032519999999982e-01
1.280000000000000000e+02 3.252032519999999982e-01
1.290000000000000000e+02 3.252032519999999982e-01
1.300000000000000000e+02 3.252352110000000240e-01
1.310000000000000000e+02 3.254149040000000048e-01
1.320000000000000000e+02 3.254149040000000048e-01
1.330000000000000000e+02 3.254149040000000048e-01
1.340000000000000000e+02 3.254149040000000048e-01
1.350000000000000000e+02 3.254149040000000048e-01
1.360000000000000000e+02 3.254154340000000034e-01
1.370000000000000000e+02 3.255208330000000094e-01
1.380000000000000000e+02 3.255208330000000094e-01
1.390000000000000000e+02 3.255208330000000094e-01
1.400000000000000000e+02 3.255208330000000094e-01
1.410000000000000000e+02 3.255208330000000094e-01
1.420000000000000000e+02 3.255208330000000094e-01
1.430000000000000000e+02 3.256120980000000165e-01
1.440000000000000000e+02 3.256268319999999772e-01
1.450000000000000000e+02 3.256268319999999772e-01
1.460000000000000000e+02 3.257106249999999759e-01
1.470000000000000000e+02 3.257328990000000202e-01
1.480000000000000000e+02 3.257328990000000202e-01
1.490000000000000000e+02 3.257328990000000202e-01
1.500000000000000000e+02 3.257328990000000202e-01
1.510000000000000000e+02 3.257328990000000202e-01
1.520000000000000000e+02 3.258018879999999839e-01
1.530000000000000000e+02 3.258390360000000263e-01
1.540000000000000000e+02 3.258390360000000263e-01
1.550000000000000000e+02 3.259007409999999938e-01
1.560000000000000000e+02 3.259452409999999967e-01
1.570000000000000000e+02 3.259452409999999967e-01
1.580000000000000000e+02 3.259452409999999967e-01
1.590000000000000000e+02 3.259452409999999967e-01
1.600000000000000000e+02 3.259452409999999967e-01
1.610000000000000000e+02 3.259925340000000005e-01
1.620000000000000000e+02 3.260515159999999857e-01
1.630000000000000000e+02 3.260515159999999857e-01
1.640000000000000000e+02 3.260515159999999857e-01
1.650000000000000000e+02 3.260515159999999857e-01
1.660000000000000000e+02 3.260515159999999857e-01
1.670000000000000000e+02 3.260845889999999803e-01
1.680000000000000000e+02 3.261578600000000216e-01
1.690000000000000000e+02 3.261578600000000216e-01
1.700000000000000000e+02 3.261839320000000098e-01
1.710000000000000000e+02 3.262642740000000208e-01
1.720000000000000000e+02 3.262642740000000208e-01
1.730000000000000000e+02 3.262642740000000208e-01
1.740000000000000000e+02 3.262642740000000208e-01
1.750000000000000000e+02 3.262642740000000208e-01
1.760000000000000000e+02 3.262765200000000143e-01
1.770000000000000000e+02 3.263707570000000113e-01
1.780000000000000000e+02 3.263707570000000113e-01
1.790000000000000000e+02 3.263707570000000113e-01
1.800000000000000000e+02 3.263707570000000113e-01
1.810000000000000000e+02 3.263707570000000113e-01
1.820000000000000000e+02 3.263707570000000113e-01
1.830000000000000000e+02 3.264759250000000002e-01
1.840000000000000000e+02 3.264773100000000206e-01
1.850000000000000000e+02 3.264773100000000206e-01
1.860000000000000000e+02 3.265758289999999842e-01
1.870000000000000000e+02 3.265839320000000212e-01
1.880000000000000000e+02 3.265839320000000212e-01
1.890000000000000000e+02 3.265839320000000212e-01
1.900000000000000000e+02 3.265839320000000212e-01
1.910000000000000000e+02 3.265839320000000212e-01
1.920000000000000000e+02 3.265839320000000212e-01
1.930000000000000000e+02 3.265839320000000212e-01
1.940000000000000000e+02 3.265839320000000212e-01
1.950000000000000000e+02 3.266626710000000156e-01
1.960000000000000000e+02 3.266906239999999850e-01
1.970000000000000000e+02 3.266906239999999850e-01
1.980000000000000000e+02 3.266906239999999850e-01
1.990000000000000000e+02 3.266906239999999850e-01
2.000000000000000000e+02 3.266906239999999850e-01
2.010000000000000000e+02 3.268221969999999810e-01
2.020000000000000000e+02 3.269042169999999969e-01
2.030000000000000000e+02 3.269042169999999969e-01
2.040000000000000000e+02 3.268447119999999817e-01
2.050000000000000000e+02 3.267973860000000230e-01
2.060000000000000000e+02 3.267973860000000230e-01
2.070000000000000000e+02 3.268504810000000260e-01
2.080000000000000000e+02 3.269042169999999969e-01
2.090000000000000000e+02 3.269042169999999969e-01
2.100000000000000000e+02 3.269510400000000261e-01
2.110000000000000000e+02 3.270111179999999895e-01
2.120000000000000000e+02 3.270111179999999895e-01
2.130000000000000000e+02 3.270111179999999895e-01
2.140000000000000000e+02 3.270111179999999895e-01
2.150000000000000000e+02 3.270111179999999895e-01
2.160000000000000000e+02 3.270111179999999895e-01
2.170000000000000000e+02 3.270111179999999895e-01
2.180000000000000000e+02 3.270111179999999895e-01
2.190000000000000000e+02 3.270393589999999739e-01
2.200000000000000000e+02 3.271180899999999725e-01
2.210000000000000000e+02 3.271180899999999725e-01
2.220000000000000000e+02 3.271402469999999951e-01
2.230000000000000000e+02 3.272251310000000024e-01
2.240000000000000000e+02 3.272251310000000024e-01
2.250000000000000000e+02 3.272089679999999889e-01
2.260000000000000000e+02 3.271180899999999725e-01
2.270000000000000000e+02 3.271180899999999725e-01
2.280000000000000000e+02 3.271382199999999796e-01
2.290000000000000000e+02 3.273322419999999955e-01
2.300000000000000000e+02 3.273322419999999955e-01
2.310000000000000000e+02 3.273322419999999955e-01
2.320000000000000000e+02 3.273322419999999955e-01
2.330000000000000000e+02 3.273322419999999955e-01
2.340000000000000000e+02 3.273322419999999955e-01
2.350000000000000000e+02 3.273322419999999955e-01
2.360000000000000000e+02 3.273322419999999955e-01
2.370000000000000000e+02 3.273322419999999955e-01
2.380000000000000000e+02 3.274318139999999877e-01
2.390000000000000000e+02 3.274394239999999789e-01
2.400000000000000000e+02 3.274394239999999789e-01
2.410000000000000000e+02 3.274394239999999789e-01
2.420000000000000000e+02 3.274394239999999789e-01
2.430000000000000000e+02 3.274394239999999789e-01
2.440000000000000000e+02 3.274394239999999789e-01
2.450000000000000000e+02 3.274394239999999789e-01
2.460000000000000000e+02 3.274394239999999789e-01
2.470000000000000000e+02 3.275216859999999786e-01
2.480000000000000000e+02 3.275466750000000093e-01
2.490000000000000000e+02 3.275466750000000093e-01
2.500000000000000000e+02 3.276233029999999768e-01
2.510000000000000000e+02 3.276539969999999746e-01
2.520000000000000000e+02 3.276539969999999746e-01
2.530000000000000000e+02 3.275829499999999839e-01
2.540000000000000000e+02 3.275466750000000093e-01
2.550000000000000000e+02 3.275466750000000093e-01
2.560000000000000000e+02 3.276774359999999886e-01
2.570000000000000000e+02 3.277613899999999858e-01
2.580000000000000000e+02 3.277613899999999858e-01
2.590000000000000000e+02 3.277014650000000251e-01
2.600000000000000000e+02 3.276539969999999746e-01
2.610000000000000000e+02 3.276539969999999746e-01
2.620000000000000000e+02 3.277083379999999879e-01
2.630000000000000000e+02 3.277613899999999858e-01
2.640000000000000000e+02 3.277613899999999858e-01
2.650000000000000000e+02 3.278102849999999790e-01
2.660000000000000000e+02 3.278688519999999884e-01
2.670000000000000000e+02 3.278688519999999884e-01
2.680000000000000000e+02 3.278688519999999884e-01
2.690000000000000000e+02 3.278688519999999884e-01
2.700000000000000000e+02 3.278688519999999884e-01
2.710000000000000000e+02 3.278688519999999884e-01
2.720000000000000000e+02 3.278688519999999884e-01
2.730000000000000000e+02 3.278688519999999884e-01
2.740000000000000000e+02 3.279016499999999890e-01
2.750000000000000000e+02 3.279763860000000086e-01
2.760000000000000000e+02 3.279763860000000086e-01
2.770000000000000000e+02 3.279763860000000086e-01
2.780000000000000000e+02 3.279763860000000086e-01
2.790000000000000000e+02 3.279763860000000086e-01
2.800000000000000000e+02 3.279763860000000086e-01
2.810000000000000000e+02 3.279763860000000086e-01
2.820000000000000000e+02 3.279763860000000086e-01
2.830000000000000000e+02 3.279933870000000251e-01
2.840000000000000000e+02 3.280839899999999920e-01
2.850000000000000000e+02 3.280839899999999920e-01
2.860000000000000000e+02 3.280839899999999920e-01
2.870000000000000000e+02 3.280839899999999920e-01
2.880000000000000000e+02 3.280839899999999920e-01
2.890000000000000000e+02 3.280839899999999920e-01
2.900000000000000000e+02 3.280839899999999920e-01
2.910000000000000000e+02 3.280839899999999920e-01
2.920000000000000000e+02 3.280854970000000037e-01
2.930000000000000000e+02 3.281916639999999941e-01
2.940000000000000000e+02 3.281916639999999941e-01
2.950000000000000000e+02 3.281916639999999941e-01
2.960000000000000000e+02 3.281916639999999941e-01
2.970000000000000000e+02 3.281916639999999941e-01
2.980000000000000000e+02 3.281916639999999941e-01
2.990000000000000000e+02 3.282907890000000273e-01
3.000000000000000000e+02 3.282994089999999865e-01
3.010000000000000000e+02 3.282994089999999865e-01
3.020000000000000000e+02 3.282994089999999865e-01
3.030000000000000000e+02 3.282994089999999865e-01
3.040000000000000000e+02 3.282994089999999865e-01
3.050000000000000000e+02 3.282994089999999865e-01
3.060000000000000000e+02 3.282994089999999865e-01
3.070000000000000000e+02 3.282994089999999865e-01
3.080000000000000000e+02 3.283525599258863559e-01
3.090000000000000000e+02 3.283650406643325304e-01
3.100000000000000000e+02 3.283774906198824173e-01
3.110000000000000000e+02 3.283899099673933120e-01
3.120000000000000000e+02 3.284022988801709175e-01
3.130000000000000000e+02 3.284146575299879411e-01
3.140000000000000000e+02 3.284269860871026903e-01
3.150000000000000000e+02 3.284392847202769472e-01
3.160000000000000000e+02 3.284515535967940658e-01
3.170000000000000000e+02 3.284637928824763464e-01
3.180000000000000000e+02 3.284760027417026329e-01
3.190000000000000000e+02 3.284881833374250215e-01
3.200000000000000000e+02 3.285003348311860139e-01
3.210000000000000000e+02 3.285124573831347261e-01
3.220000000000000000e+02 3.285245511520435979e-01
3.230000000000000000e+02 3.285366162953241576e-01
3.240000000000000000e+02 3.285486529690428981e-01
3.250000000000000000e+02 3.285606613279369870e-01
3.260000000000000000e+02 3.285726415254297539e-01
3.270000000000000000e+02 3.285845937136454009e-01
3.280000000000000000e+02 3.285965180434243793e-01
3.290000000000000000e+02 3.286084146643379889e-01
3.300000000000000000e+02 3.286202837247026443e-01
3.310000000000000000e+02 3.286321253715944191e-01
3.320000000000000000e+02 3.286439397508631455e-01
3.330000000000000000e+02 3.286557270071461256e-01
3.340000000000000000e+02 3.286674872838819539e-01
3.350000000000000000e+02 3.286792207233238394e-01
3.360000000000000000e+02 3.286909274665532066e-01
3.370000000000000000e+02 3.287026076534924623e-01
3.380000000000000000e+02 3.287142614229181525e-01
3.390000000000000000e+02 3.287258889124736183e-01
3.400000000000000000e+02 3.287374902586816527e-01
3.410000000000000000e+02 3.287490655969566022e-01
3.420000000000000000e+02 3.287606150616170786e-01
3.430000000000000000e+02 3.287721387858974498e-01
3.440000000000000000e+02 3.287836369019602190e-01
3.450000000000000000e+02 3.287951095409074043e-01
3.460000000000000000e+02 3.288065568327921406e-01
3.470000000000000000e+02 3.288179789066302261e-01
3.480000000000000000e+02 3.288293758904112241e-01
3.490000000000000000e+02 3.288407479111096765e-01
3.500000000000000000e+02 3.288520950946957622e-01
3.510000000000000000e+02 3.288634175661464543e-01
3.520000000000000000e+02 3.288747154494559011e-01
3.530000000000000000e+02 3.288859888676459731e-01
3.540000000000000000e+02 3.288972379427766435e-01
3.550000000000000000e+02 3.289084627959562579e-01
3.560000000000000000e+02 3.289196635473515262e-01
3.570000000000000000e+02 3.289308403161974037e-01
3.580000000000000000e+02 3.289419932208070829e-01
3.590000000000000000e+02 3.289531223785815417e-01
3.600000000000000000e+02 3.289642279060192021e-01
3.610000000000000000e+02 3.289753099187250895e-01
3.620000000000000000e+02 3.289863685314206032e-01
3.630000000000000000e+02 3.289974038579521198e-01
3.640000000000000000e+02 3.290084160113005973e-01
3.650000000000000000e+02 3.290194051035901790e-01
3.660000000000000000e+02 3.290303712460970198e-01
3.670000000000000000e+02 3.290413145492582792e-01
3.680000000000000000e+02 3.290522351226803366e-01
3.690000000000000000e+02 3.290631330751475070e-01
3.700000000000000000e+02 3.290740085146304783e-01
3.710000000000000000e+02 3.290848615482942496e-01
3.720000000000000000e+02 3.290956922825067910e-01
3.730000000000000000e+02 3.291065008228465927e-01
3.740000000000000000e+02 3.291172872741109368e-01
3.750000000000000000e+02 3.291280517403237238e-01
3.760000000000000000e+02 3.291387943247429670e-01
3.770000000000000000e+02 3.291495151298688970e-01
3.780000000000000000e+02 3.291602142574511225e-01
3.790000000000000000e+02 3.291708918084961799e-01
3.800000000000000000e+02 3.291815478832751940e-01
3.810000000000000000e+02 3.291921825813307056e-01
3.820000000000000000e+02 3.292027960014841659e-01
3.830000000000000000e+02 3.292133882418429303e-01
3.840000000000000000e+02 3.292239593998072533e-01
3.850000000000000000e+02 3.292345095720773940e-01
3.860000000000000000e+02 3.292450388546600548e-01
3.870000000000000000e+02 3.292555473428755430e-01
3.880000000000000000e+02 3.292660351313643208e-01
3.890000000000000000e+02 3.292765023140933334e-01
3.900000000000000000e+02 3.292869489843629482e-01
3.910000000000000000e+02 3.292973752348130612e-01
3.920000000000000000e+02 3.293077811574295910e-01
3.930000000000000000e+02 3.293181668435506415e-01
3.940000000000000000e+02 3.293285323838727741e-01
3.950000000000000000e+02 3.293388778684572804e-01
3.960000000000000000e+02 3.293492033867357893e-01
3.970000000000000000e+02 3.293595090275168169e-01
3.980000000000000000e+02 3.293697948789912067e-01
3.990000000000000000e+02 3.293800610287381248e-01
4.000000000000000000e+02 3.293903075637308886e-01
4.010000000000000000e+02 3.294005345703425736e-01
4.020000000000000000e+02 3.294107421343517306e-01
4.030000000000000000e+02 3.294209303409478262e-01
4.040000000000000000e+02 3.294310992747367939e-01
4.050000000000000000e+02 3.294412490197464738e-01
4.060000000000000000e+02 3.294513796594320532e-01
4.070000000000000000e+02 3.294614912766811732e-01
4.080000000000000000e+02 3.294715839538193691e-01
4.090000000000000000e+02 3.294816577726151219e-01
4.100000000000000000e+02 3.294917128142850204e-01
4.110000000000000000e+02 3.295017491594988690e-01
4.120000000000000000e+02 3.295117668883846274e-01
4.130000000000000000e+02 3.295217660805334070e-01
4.140000000000000000e+02 3.295317468150042450e-01
4.150000000000000000e+02 3.295417091703290446e-01
4.160000000000000000e+02 3.295516532245174601e-01
4.170000000000000000e+02 3.295615790550612267e-01
4.180000000000000000e+02 3.295714867389393232e-01
4.190000000000000000e+02 3.295813763526222462e-01
4.200000000000000000e+02 3.295912479720765620e-01
4.210000000000000000e+02 3.296011016727697363e-01
4.220000000000000000e+02 3.296109375296742416e-01
4.230000000000000000e+02 3.296207556172721098e-01
4.240000000000000000e+02 3.296305560095593723e-01
4.250000000000000000e+02 3.296403387800502238e-01
4.260000000000000000e+02 3.296501040017812967e-01
4.270000000000000000e+02 3.296598517473160461e-01
4.280000000000000000e+02 3.296695820887487471e-01
4.290000000000000000e+02 3.296792950977085468e-01
4.300000000000000000e+02 3.296889908453638496e-01
4.310000000000000000e+02 3.296986694024260922e-01
4.320000000000000000e+02 3.297083308391536849e-01
4.330000000000000000e+02 3.297179752253561746e-01
4.340000000000000000e+02 3.297276026303980756e-01
4.350000000000000000e+02 3.297372131232024772e-01
4.360000000000000000e+02 3.297468067722552076e-01
4.370000000000000000e+02 3.297563836456085529e-01
4.380000000000000000e+02 3.297659438108846430e-01
4.390000000000000000e+02 3.297754873352795602e-01
4.400000000000000000e+02 3.297850142855668354e-01
4.410000000000000000e+02 3.297945247281009462e-01
4.420000000000000000e+02 3.298040187288210912e-01
4.430000000000000000e+02 3.298134963532544650e-01
4.440000000000000000e+02 3.298229576665200891e-01
4.450000000000000000e+02 3.298324027333319197e-01
4.460000000000000000e+02 3.298418316180026788e-01
4.470000000000000000e+02 3.298512443844466846e-01
4.480000000000000000e+02 3.298606410961837376e-01
4.490000000000000000e+02 3.298700218163421738e-01
4.500000000000000000e+02 3.298793866076621395e-01
4.510000000000000000e+02 3.298887355324988113e-01
4.520000000000000000e+02 3.298980686528257822e-01
4.530000000000000000e+02 3.299073860302381145e-01
4.540000000000000000e+02 3.299166877259553377e-01
4.550000000000000000e+02 3.299259738008249454e-01
4.560000000000000000e+02 3.299352443153250602e-01
4.570000000000000000e+02 3.299444993295676531e-01
4.580000000000000000e+02 3.299537389033016521e-01
4.590000000000000000e+02 3.299629630959157733e-01
4.600000000000000000e+02 3.299721719664415187e-01
4.610000000000000000e+02 3.299813655735560625e-01
4.620000000000000000e+02 3.299905439755852488e-01
4.630000000000000000e+02 3.299997072305063672e-01
4.640000000000000000e+02 3.300088553959509841e-01
4.650000000000000000e+02 3.300179885292077175e-01
4.660000000000000000e+02 3.300271066872251247e-01
4.670000000000000000e+02 3.300362099266143656e-01
4.680000000000000000e+02 3.300452983036518684e-01
4.690000000000000000e+02 3.300543718742821042e-01
4.700000000000000000e+02 3.300634306941202523e-01
4.710000000000000000e+02 3.300724748184546975e-01
4.720000000000000000e+02 3.300815043022499173e-01
4.730000000000000000e+02 3.300905192001487576e-01
4.740000000000000000e+02 3.300995195664750970e-01
4.750000000000000000e+02 3.301085054552365117e-01
4.760000000000000000e+02 3.301174769201266068e-01
4.770000000000000000e+02 3.301264340145275700e-01
4.780000000000000000e+02 3.301353767915125581e-01
4.790000000000000000e+02 3.301443053038483066e-01
4.800000000000000000e+02 3.301532196039972944e-01
4.810000000000000000e+02 3.301621197441202971e-01
4.820000000000000000e+02 3.301710057760786632e-01
4.830000000000000000e+02 3.301798777514368122e-01
4.840000000000000000e+02 3.301887357214641772e-01
4.850000000000000000e+02 3.301975797371379251e-01
4.860000000000000000e+02 3.302064098491449551e-01
4.870000000000000000e+02 3.302152261078842854e-01
4.880000000000000000e+02 3.302240285634691075e-01
4.890000000000000000e+02 3.302328172657291172e-01
4.900000000000000000e+02 3.302415922642127910e-01
4.910000000000000000e+02 3.302503536081892732e-01
4.920000000000000000e+02 3.302591013466507075e-01
4.930000000000000000e+02 3.302678355283143463e-01
4.940000000000000000e+02 3.302765562016246048e-01
4.950000000000000000e+02 3.302852634147551147e-01
4.960000000000000000e+02 3.302939572156108339e-01
4.970000000000000000e+02 3.303026376518300444e-01
4.980000000000000000e+02 3.303113047707864069e-01
4.990000000000000000e+02 3.303199586195909587e-01
5.000000000000000000e+02 3.303285992450939457e-01
5.010000000000000000e+02 3.303372266938870983e-01
5.020000000000000000e+02 3.303458410123052413e-01
5.030000000000000000e+02 3.303544422464284036e-01
5.040000000000000000e+02 3.303630304420837605e-01
5.050000000000000000e+02 3.303716056448472993e-01
5.060000000000000000e+02 3.303801679000459290e-01
5.070000000000000000e+02 3.303887172527592009e-01
5.080000000000000000e+02 3.303972537478210847e-01
5.090000000000000000e+02 3.304057774298221339e-01
5.100000000000000000e+02 3.304142883431107069e-01
5.110000000000000000e+02 3.304227865317952428e-01
5.120000000000000000e+02 3.304312720397459269e-01
5.130000000000000000e+02 3.304397449105961893e-01
5.140000000000000000e+02 3.304482051877447590e-01
5.150000000000000000e+02 3.304566529143571629e-01
5.160000000000000000e+02 3.304650881333675572e-01
5.170000000000000000e+02 3.304735108874803928e-01
5.180000000000000000e+02 3.304819212191719147e-01
5.190000000000000000e+02 3.304903191706921040e-01
5.200000000000000000e+02 3.304987047840661218e-01
5.210000000000000000e+02 3.305070781010959746e-01
5.220000000000000000e+02 3.305154391633622346e-01
5.230000000000000000e+02 3.305237880122254279e-01
5.240000000000000000e+02 3.305321246888276998e-01
5.250000000000000000e+02 3.305404492340945355e-01
5.260000000000000000e+02 3.305487616887361479e-01
5.270000000000000000e+02 3.305570620932489767e-01
5.280000000000000000e+02 3.305653504879173532e-01
5.290000000000000000e+02 3.305736269128149440e-01
5.300000000000000000e+02 3.305818914078063053e-01
5.310000000000000000e+02 3.305901440125481594e-01
5.320000000000000000e+02 3.305983847664911712e-01
5.330000000000000000e+02 3.306066137088812806e-01
5.340000000000000000e+02 3.306148308787609236e-01
5.350000000000000000e+02 3.306230363149708640e-01
5.360000000000000000e+02 3.306312300561513595e-01
5.370000000000000000e+02 3.306394121407434938e-01
5.380000000000000000e+02 3.306475826069908974e-01
5.390000000000000000e+02 3.306557414929408578e-01
5.400000000000000000e+02 3.306638888364455964e-01
5.410000000000000000e+02 3.306720246751639891e-01
5.420000000000000000e+02 3.306801490465627325e-01
5.430000000000000000e+02 3.306882619879174534e-01
5.440000000000000000e+02 3.306963635363143750e-01
5.450000000000000000e+02 3.307044537286514818e-01
5.460000000000000000e+02 3.307125326016397970e-01
5.470000000000000000e+02 3.307206001918046590e-01
5.480000000000000000e+02 3.307286565354871644e-01
5.490000000000000000e+02 3.307367016688451122e-01
5.500000000000000000e+02 3.307447356278545580e-01
5.510000000000000000e+02 3.307527584483109795e-01
5.520000000000000000e+02 3.307607701658303867e-01
5.530000000000000000e+02 3.307687708158507656e-01
5.540000000000000000e+02 3.307767604336329659e-01
5.550000000000000000e+02 3.307847390542622001e-01
5.560000000000000000e+02 3.307927067126492648e-01
5.570000000000000000e+02 3.308006634435313176e-01
5.580000000000000000e+02 3.308086092814734869e-01
5.590000000000000000e+02 3.308165442608698714e-01
5.600000000000000000e+02 3.308244684159445392e-01
5.610000000000000000e+02 3.308323817807529710e-01
5.620000000000000000e+02 3.308402843891829481e-01
5.630000000000000000e+02 3.308481762749557187e-01
5.640000000000000000e+02 3.308560574716272740e-01
5.650000000000000000e+02 3.308639280125891813e-01
5.660000000000000000e+02 3.308717879310699161e-01
5.670000000000000000e+02 3.308796372601358060e-01
5.680000000000000000e+02 3.308874760326921960e-01
5.690000000000000000e+02 3.308953042814843926e-01
5.700000000000000000e+02 3.309031220390988293e-01
5.710000000000000000e+02 3.309109293379641770e-01
5.720000000000000000e+02 3.309187262103520655e-01
5.730000000000000000e+02 3.309265126883785824e-01
5.740000000000000000e+02 3.309342888040049946e-01
5.750000000000000000e+02 3.309420545890386367e-01
5.760000000000000000e+02 3.309498100751342986e-01
5.770000000000000000e+02 3.309575552937949472e-01
5.780000000000000000e+02 3.309652902763728366e-01
5.790000000000000000e+02 3.309730150540703408e-01
5.800000000000000000e+02 3.309807296579411751e-01
5.810000000000000000e+02 3.309884341188911172e-01
5.820000000000000000e+02 3.309961284676790627e-01
5.830000000000000000e+02 3.310038127349180237e-01
5.840000000000000000e+02 3.310114869510759616e-01
5.850000000000000000e+02 3.310191511464767866e-01
5.860000000000000000e+02 3.310268053513013564e-01
5.870000000000000000e+02 3.310344495955881983e-01
5.880000000000000000e+02 3.310420839092346190e-01
5.890000000000000000e+02 3.310497083219975378e-01
5.900000000000000000e+02 3.310573228634942633e-01
5.910000000000000000e+02 3.310649275632036592e-01
5.920000000000000000e+02 3.310725224504666442e-01
5.930000000000000000e+02 3.310801075544874683e-01
5.940000000000000000e+02 3.310876829043343239e-01
5.950000000000000000e+02 3.310952485289402891e-01
5.960000000000000000e+02 3.311028044571040496e-01
5.970000000000000000e+02 3.311103507174910643e-01
5.980000000000000000e+02 3.311178873386340649e-01
5.990000000000000000e+02 3.311254143489341106e-01
6.000000000000000000e+02 3.311329317766612546e-01
6.010000000000000000e+02 3.311404396499555425e-01
6.020000000000000000e+02 3.311479379968276793e-01
6.030000000000000000e+02 3.311554268451598060e-01
6.040000000000000000e+02 3.311629062227065545e-01
6.050000000000000000e+02 3.311703761570954918e-01
6.060000000000000000e+02 3.311778366758282854e-01
6.070000000000000000e+02 3.311852878062810923e-01
6.080000000000000000e+02 3.311927295757056133e-01
6.090000000000000000e+02 3.312001620112298150e-01
6.100000000000000000e+02 3.312075851398585957e-01
6.110000000000000000e+02 3.312149989884746737e-01
6.120000000000000000e+02 3.312224035838392533e-01
6.130000000000000000e+02 3.312297989525927466e-01
6.140000000000000000e+02 3.312371851212555507e-01
6.150000000000000000e+02 3.312445621162289355e-01
6.160000000000000000e+02 3.312519299637954884e-01
6.170000000000000000e+02 3.312592886901199463e-01
6.180000000000000000e+02 3.312666383212500842e-01
6.190000000000000000e+02 3.312739788831172705e-01
6.200000000000000000e+02 3.312813104015370214e-01
6.210000000000000000e+02 3.312886329022101117e-01
6.220000000000000000e+02 3.312959464107228524e-01
6.230000000000000000e+02 3.313032509525480895e-01
6.240000000000000000e+02 3.313105465530456484e-01
6.250000000000000000e+02 3.313178332374632218e-01
6.260000000000000000e+02 3.313251110309369252e-01
6.270000000000000000e+02 3.313323799584919627e-01
6.280000000000000000e+02 3.313396400450434043e-01
6.290000000000000000e+02 3.313468913153966855e-01
6.300000000000000000e+02 3.313541337942483289e-01
6.310000000000000000e+02 3.313613675061866659e-01
6.320000000000000000e+02 3.313685924756924472e-01
6.330000000000000000e+02 3.313758087271393982e-01
6.340000000000000000e+02 3.313830162847949401e-01
6.350000000000000000e+02 3.313902151728207457e-01
6.360000000000000000e+02 3.313974054152735160e-01
6.370000000000000000e+02 3.314045870361054247e-01
6.380000000000000000e+02 3.314117600591648949e-01
6.390000000000000000e+02 3.314189245081969881e-01
6.400000000000000000e+02 3.314260804068442368e-01
6.410000000000000000e+02 3.314332277786471992e-01
6.420000000000000000e+02 3.314403666470449594e-01
6.430000000000000000e+02 3.314474970353758487e-01
6.440000000000000000e+02 3.314546189668778897e-01
6.450000000000000000e+02 3.314617324646894625e-01
6.460000000000000000e+02 3.314688375518500263e-01
6.470000000000000000e+02 3.314759342513003415e-01
6.480000000000000000e+02 3.314830225858833579e-01
6.490000000000000000e+02 3.314901025783447697e-01
6.500000000000000000e+02 3.314971742513333486e-01
6.510000000000000000e+02 3.315042376274017211e-01
6.520000000000000000e+02 3.315112927290068123e-01
6.530000000000000000e+02 3.315183395785104570e-01
6.540000000000000000e+02 3.315253781981799541e-01
6.550000000000000000e+02 3.315324086101884560e-01
6.560000000000000000e+02 3.315394308366158560e-01
6.570000000000000000e+02 3.315464448994488444e-01
6.580000000000000000e+02 3.315534508205818520e-01
6.590000000000000000e+02 3.315604486218174385e-01
6.600000000000000000e+02 3.315674383248667367e-01
6.610000000000000000e+02 3.315744199513500079e-01
6.620000000000000000e+02 3.315813935227973630e-01
6.630000000000000000e+02 3.315883590606488185e-01
6.640000000000000000e+02 3.315953165862554064e-01
6.650000000000000000e+02 3.316022661208791189e-01
6.660000000000000000e+02 3.316092076856937410e-01
6.670000000000000000e+02 3.316161413017853499e-01
6.680000000000000000e+02 3.316230669901525374e-01
6.690000000000000000e+02 3.316299847717072979e-01
6.700000000000000000e+02 3.316368946672750839e-01
6.710000000000000000e+02 3.316437966975956941e-01
6.720000000000000000e+02 3.316506908833234957e-01
6.730000000000000000e+02 3.316575772450280346e-01
6.740000000000000000e+02 3.316644558031943135e-01
6.750000000000000000e+02 3.316713265782235687e-01
6.760000000000000000e+02 3.316781895904334920e-01
6.770000000000000000e+02 3.316850448600587309e-01
6.780000000000000000e+02 3.316918924072515540e-01
6.790000000000000000e+02 3.316987322520820181e-01
6.800000000000000000e+02 3.317055644145385229e-01
6.810000000000000000e+02 3.317123889145283666e-01
6.820000000000000000e+02 3.317192057718781895e-01
6.830000000000000000e+02 3.317260150063341406e-01
6.840000000000000000e+02 3.317328166375628218e-01
6.850000000000000000e+02 3.317396106851511206e-01
6.860000000000000000e+02 3.317463971686072099e-01
6.870000000000000000e+02 3.317531761073606034e-01
6.880000000000000000e+02 3.317599475207627102e-01
6.890000000000000000e+02 3.317667114280873353e-01
6.900000000000000000e+02 3.317734678485310673e-01
6.910000000000000000e+02 3.317802168012134456e-01
6.920000000000000000e+02 3.317869583051779037e-01
6.930000000000000000e+02 3.317936923793916026e-01
6.940000000000000000e+02 3.318004190427463196e-01
6.950000000000000000e+02 3.318071383140585584e-01
6.960000000000000000e+02 3.318138502120701050e-01
6.970000000000000000e+02 3.318205547554483048e-01
6.980000000000000000e+02 3.318272519627866735e-01
6.990000000000000000e+02 3.318339418526050077e-01
7.000000000000000000e+02 3.318406244433500518e-01
7.010000000000000000e+02 3.318472997533957192e-01
7.020000000000000000e+02 3.318539678010435923e-01
7.030000000000000000e+02 3.318606286045232556e-01
7.040000000000000000e+02 3.318672821819925178e-01
7.050000000000000000e+02 3.318739285515382442e-01
7.060000000000000000e+02 3.318805677311762459e-01
7.070000000000000000e+02 3.318871997388518902e-01
7.080000000000000000e+02 3.318938245924405450e-01
7.090000000000000000e+02 3.319004423097476897e-01
7.100000000000000000e+02 3.319070529085096366e-01
7.110000000000000000e+02 3.319136564063935868e-01
7.120000000000000000e+02 3.319202528209981851e-01
7.130000000000000000e+02 3.319268421698537974e-01
7.140000000000000000e+02 3.319334244704228443e-01
7.150000000000000000e+02 3.319399997401002445e-01
7.160000000000000000e+02 3.319465679962137483e-01
7.170000000000000000e+02 3.319531292560242708e-01
7.180000000000000000e+02 3.319596835367262244e-01
7.190000000000000000e+02 3.319662308554479080e-01
7.200000000000000000e+02 3.319727712292517841e-01
7.210000000000000000e+02 3.319793046751349230e-01
7.220000000000000000e+02 3.319858312100292808e-01
7.230000000000000000e+02 3.319923508508020316e-01
7.240000000000000000e+02 3.319988636142559013e-01
7.250000000000000000e+02 3.320053695171296670e-01
7.260000000000000000e+02 3.320118685760981014e-01
7.270000000000000000e+02 3.320183608077728055e-01
7.280000000000000000e+02 3.320248462287020419e-01
7.290000000000000000e+02 3.320313248553715124e-01
7.300000000000000000e+02 3.320377967042043021e-01
7.310000000000000000e+02 3.320442617915614347e-01
7.320000000000000000e+02 3.320507201337422054e-01
7.330000000000000000e+02 3.320571717469842365e-01
7.340000000000000000e+02 3.320636166474640882e-01
7.350000000000000000e+02 3.320700548512974248e-01
7.360000000000000000e+02 3.320764863745394591e-01
7.370000000000000000e+02 3.320829112331850075e-01
7.380000000000000000e+02 3.320893294431689902e-01
7.390000000000000000e+02 3.320957410203667637e-01
7.400000000000000000e+02 3.321021459805943987e-01
7.410000000000000000e+02 3.321085443396086800e-01
7.420000000000000000e+02 3.321149361131080502e-01
7.430000000000000000e+02 3.321213213167322209e-01
7.440000000000000000e+02 3.321276999660628393e-01
7.450000000000000000e+02 3.321340720766238763e-01
7.460000000000000000e+02 3.321404376638815159e-01
7.470000000000000000e+02 3.321467967432448765e-01
7.480000000000000000e+02 3.321531493300659554e-01
7.490000000000000000e+02 3.321594954396402954e-01
7.500000000000000000e+02 3.321658350872067622e-01
7.510000000000000000e+02 3.321721682879483217e-01
7.520000000000000000e+02 3.321784950569919848e-01
7.530000000000000000e+02 3.321848154094092509e-01
7.540000000000000000e+02 3.321911293602163862e-01
7.550000000000000000e+02 3.321974369243746450e-01
7.560000000000000000e+02 3.322037381167904369e-01
7.570000000000000000e+02 3.322100329523158813e-01
7.580000000000000000e+02 3.322163214457488634e-01
7.590000000000000000e+02 3.322226036118332559e-01
7.600000000000000000e+02 3.322288794652594190e-01
7.610000000000000000e+02 3.322351490206642555e-01
7.620000000000000000e+02 3.322414122926315438e-01
7.630000000000000000e+02 3.322476692956922717e-01
7.640000000000000000e+02 3.322539200443248020e-01
7.650000000000000000e+02 3.322601645529551506e-01
7.660000000000000000e+02 3.322664028359572641e-01
7.670000000000000000e+02 3.322726349076531860e-01
7.680000000000000000e+02 3.322788607823135565e-01
7.690000000000000000e+02 3.322850804741575570e-01
7.700000000000000000e+02 3.322912939973533542e-01
7.710000000000000000e+02 3.322975013660183774e-01
7.720000000000000000e+02 3.323037025942192635e-01
7.730000000000000000e+02 3.323098976959725781e-01
7.740000000000000000e+02 3.323160866852447048e-01
7.750000000000000000e+02 3.323222695759521783e-01
7.760000000000000000e+02 3.323284463819619061e-01
7.770000000000000000e+02 3.323346171170915575e-01
7.780000000000000000e+02 3.323407817951096188e-01
7.790000000000000000e+02 3.323469404297357266e-01
7.800000000000000000e+02 3.323530930346407786e-01
7.810000000000000000e+02 3.323592396234474333e-01
7.820000000000000000e+02 3.323653802097301102e-01
7.830000000000000000e+02 3.323715148070152114e-01
7.840000000000000000e+02 3.323776434287815662e-01
7.850000000000000000e+02 3.323837660884603751e-01
7.860000000000000000e+02 3.323898827994357097e-01
7.870000000000000000e+02 3.323959935750445682e-01
7.880000000000000000e+02 3.324020984285770974e-01
7.890000000000000000e+02 3.324081973732769812e-01
7.900000000000000000e+02 3.324142904223414408e-01
7.910000000000000000e+02 3.324203775889216228e-01
7.920000000000000000e+02 3.324264588861227110e-01
7.930000000000000000e+02 3.324325343270042032e-01
7.940000000000000000e+02 3.324386039245801894e-01
7.950000000000000000e+02 3.324446676918193511e-01
7.960000000000000000e+02 3.324507256416454615e-01
7.970000000000000000e+02 3.324567777869373852e-01
7.980000000000000000e+02 3.324628241405293561e-01
7.990000000000000000e+02 3.324688647152111431e-01
8.000000000000000000e+02 3.324748995237284399e-01
8.010000000000000000e+02 3.324809285787828084e-01
8.020000000000000000e+02 3.324869518930321233e-01
8.030000000000000000e+02 3.324929694790906276e-01
8.040000000000000000e+02 3.324989813495290991e-01
8.050000000000000000e+02 3.325049875168752389e-01
8.060000000000000000e+02 3.325109879936137824e-01
8.070000000000000000e+02 3.325169827921866106e-01
8.080000000000000000e+02 3.325229719249930271e-01
8.090000000000000000e+02 3.325289554043899809e-01
8.100000000000000000e+02 3.325349332426923432e-01
8.110000000000000000e+02 3.325409054521727414e-01
8.120000000000000000e+02 3.325468720450622806e-01
8.130000000000000000e+02 3.325528330335502658e-01
8.140000000000000000e+02 3.325587884297847019e-01
8.150000000000000000e+02 3.325647382458724044e-01
8.160000000000000000e+02 3.325706824938789996e-01
8.170000000000000000e+02 3.325766211858294796e-01
8.180000000000000000e+02 3.325825543337080914e-01
8.190000000000000000e+02 3.325884819494585587e-01
8.200000000000000000e+02 3.325944040449844152e-01
8.210000000000000000e+02 3.326003206321490602e-01
8.220000000000000000e+02 3.326062317227760912e-01
8.230000000000000000e+02 3.326121373286492489e-01
8.240000000000000000e+02 3.326180374615127500e-01
8.250000000000000000e+02 3.326239321330714538e-01
8.260000000000000000e+02 3.326298213549911398e-01
8.270000000000000000e+02 3.326357051388984520e-01
8.280000000000000000e+02 3.326415834963812879e-01
8.290000000000000000e+02 3.326474564389887978e-01
8.300000000000000000e+02 3.326533239782317741e-01
8.310000000000000000e+02 3.326591861255826510e-01
8.320000000000000000e+02 3.326650428924756708e-01
8.330000000000000000e+02 3.326708942903072730e-01
8.340000000000000000e+02 3.326767403304359827e-01
8.350000000000000000e+02 3.326825810241827441e-01
8.360000000000000000e+02 3.326884163828310870e-01
8.370000000000000000e+02 3.326942464176271819e-01
8.380000000000000000e+02 3.327000711397802846e-01
8.390000000000000000e+02 3.327058905604624028e-01
8.400000000000000000e+02 3.327117046908090736e-01
8.410000000000000000e+02 3.327175135419190299e-01
8.420000000000000000e+02 3.327233171248547006e-01
8.430000000000000000e+02 3.327291154506419879e-01
8.440000000000000000e+02 3.327349085302709897e-01
8.450000000000000000e+02 3.327406963746955548e-01
8.460000000000000000e+02 3.327464789948339496e-01
8.470000000000000000e+02 3.327522564015686357e-01
8.480000000000000000e+02 3.327580286057466585e-01
8.490000000000000000e+02 3.327637956181798140e-01
8.500000000000000000e+02 3.327695574496445374e-01
8.510000000000000000e+02 3.327753141108824586e-01
8.520000000000000000e+02 3.327810656126001798e-01
8.530000000000000000e+02 3.327868119654696644e-01
8.540000000000000000e+02 3.327925531801283476e-01
8.550000000000000000e+02 3.327982892671792481e-01
8.560000000000000000e+02 3.328040202371911338e-01
8.570000000000000000e+02 3.328097461006985780e-01
8.580000000000000000e+02 3.328154668682024031e-01
8.590000000000000000e+02 3.328211825501694587e-01
8.600000000000000000e+02 3.328268931570329547e-01
8.610000000000000000e+02 3.328325986991927388e-01
8.620000000000000000e+02 3.328382991870151297e-01
8.630000000000000000e+02 3.328439946308333064e-01
8.640000000000000000e+02 3.328496850409474184e-01
8.650000000000000000e+02 3.328553704276245861e-01
8.660000000000000000e+02 3.328610508010992897e-01
8.670000000000000000e+02 3.328667261715732018e-01
8.680000000000000000e+02 3.328723965492156323e-01
8.690000000000000000e+02 3.328780619441634725e-01
8.700000000000000000e+02 3.328837223665214173e-01
8.710000000000000000e+02 3.328893778263620762e-01
8.720000000000000000e+02 3.328950283337261395e-01
8.730000000000000000e+02 3.329006738986224345e-01
8.740000000000000000e+02 3.329063145310281469e-01
8.750000000000000000e+02 3.329119502408890430e-01
8.760000000000000000e+02 3.329175810381193035e-01
8.770000000000000000e+02 3.329232069326020227e-01
8.780000000000000000e+02 3.329288279341890977e-01
8.790000000000000000e+02 3.329344440527013949e-01
8.800000000000000000e+02 3.329400552979289718e-01
8.810000000000000000e+02 3.329456616796312440e-01
8.820000000000000000e+02 3.329512632075368184e-01
8.830000000000000000e+02 3.329568598913440480e-01
8.840000000000000000e+02 3.329624517407208661e-01
8.850000000000000000e+02 3.329680387653049523e-01
8.860000000000000000e+02 3.329736209747039544e-01
8.870000000000000000e+02 3.329791983784956555e-01
8.880000000000000000e+02 3.329847709862278626e-01
8.890000000000000000e+02 3.329903388074187398e-01
8.900000000000000000e+02 3.329959018515569746e-01
8.910000000000000000e+02 3.330014601281016673e-01
8.920000000000000000e+02 3.330070136464827191e-01
8.930000000000000000e+02 3.330125624161007214e-01
8.940000000000000000e+02 3.330181064463272889e-01
8.950000000000000000e+02 3.330236457465050592e-01
8.960000000000000000e+02 3.330291803259477490e-01
8.970000000000000000e+02 3.330347101939404864e-01
8.980000000000000000e+02 3.330402353597398113e-01
8.990000000000000000e+02 3.330457558325736755e-01
9.000000000000000000e+02 3.330512716216417757e-01
9.010000000000000000e+02 3.330567827361155531e-01
9.020000000000000000e+02 3.330622891851383605e-01
9.030000000000000000e+02 3.330677909778254620e-01
9.040000000000000000e+02 3.330732881232643661e-01
9.050000000000000000e+02 3.330787806305147702e-01
9.060000000000000000e+02 3.330842685086086719e-01
9.070000000000000000e+02 3.330897517665505903e-01
9.080000000000000000e+02 3.330952304133176223e-01
9.090000000000000000e+02 3.331007044578595533e-01
9.100000000000000000e+02 3.331061739090989127e-01
9.110000000000000000e+02 3.331116387759312514e-01
9.120000000000000000e+02 3.331170990672250865e-01
9.130000000000000000e+02 3.331225547918221230e-01
9.140000000000000000e+02 3.331280059585373099e-01
9.150000000000000000e+02 3.331334525761588949e-01
9.160000000000000000e+02 3.331388946534486473e-01
9.170000000000000000e+02 3.331443321991419126e-01
9.180000000000000000e+02 3.331497652219477801e-01
9.190000000000000000e+02 3.331551937305490263e-01
9.200000000000000000e+02 3.331606177336024488e-01
9.210000000000000000e+02 3.331660372397387548e-01
9.220000000000000000e+02 3.331714522575628390e-01
9.230000000000000000e+02 3.331768627956537832e-01
9.240000000000000000e+02 3.331822688625650231e-01
9.250000000000000000e+02 3.331876704668244038e-01
9.260000000000000000e+02 3.331930676169343464e-01
9.270000000000000000e+02 3.331984603213718477e-01
9.280000000000000000e+02 3.332038485885887025e-01
9.290000000000000000e+02 3.332092324270115591e-01
9.300000000000000000e+02 3.332146118450419192e-01
9.310000000000000000e+02 3.332199868510564711e-01
9.320000000000000000e+02 3.332253574534069229e-01
9.330000000000000000e+02 3.332307236604203360e-01
9.340000000000000000e+02 3.332360854803990691e-01
9.350000000000000000e+02 3.332414429216208895e-01
9.360000000000000000e+02 3.332467959923392509e-01
9.370000000000000000e+02 3.332521447007831261e-01
9.380000000000000000e+02 3.332574890551572300e-01
9.390000000000000000e+02 3.332628290636422408e-01
9.400000000000000000e+02 3.332681647343945786e-01
9.410000000000000000e+02 3.332734960755469045e-01
9.420000000000000000e+02 3.332788230952078989e-01
9.430000000000000000e+02 3.332841458014624836e-01
9.440000000000000000e+02 3.332894642023718768e-01
9.450000000000000000e+02 3.332947783059737601e-01
9.460000000000000000e+02 3.333000881202822785e-01
9.470000000000000000e+02 3.333053936532882067e-01
9.480000000000000000e+02 3.333106949129590046e-01
9.490000000000000000e+02 3.333159919072389288e-01
9.500000000000000000e+02 3.333212846440490873e-01
9.510000000000000000e+02 3.333265731312876068e-01
9.520000000000000000e+02 3.333318573768296322e-01
9.530000000000000000e+02 3.333371373885274935e-01
9.540000000000000000e+02 3.333424131742107610e-01
9.550000000000000000e+02 3.333476847416862454e-01
9.560000000000000000e+02 3.333529520987383310e-01
9.570000000000000000e+02 3.333582152531288090e-01
9.580000000000000000e+02 3.333634742125971551e-01
9.590000000000000000e+02 3.333687289848603630e-01
9.600000000000000000e+02 3.333739795776133885e-01
9.610000000000000000e+02 3.333792259985289830e-01
9.620000000000000000e+02 3.333844682552577487e-01
9.630000000000000000e+02 3.333897063554285278e-01
9.640000000000000000e+02 3.333949403066481243e-01
9.650000000000000000e+02 3.334001701165015263e-01
9.660000000000000000e+02 3.334053957925521838e-01
9.670000000000000000e+02 3.334106173423416752e-01
9.680000000000000000e+02 3.334158347733903183e-01
9.690000000000000000e+02 3.334210480931967258e-01
9.700000000000000000e+02 3.334262573092382498e-01
9.710000000000000000e+02 3.334314624289710371e-01
9.720000000000000000e+02 3.334366634598298074e-01
9.730000000000000000e+02 3.334418604092283522e-01
9.740000000000000000e+02 3.334470532845593138e-01
9.750000000000000000e+02 3.334522420931944064e-01
9.760000000000000000e+02 3.334574268424844723e-01
9.770000000000000000e+02 3.334626075397595368e-01
9.780000000000000000e+02 3.334677841923288644e-01
9.790000000000000000e+02 3.334729568074811246e-01
9.800000000000000000e+02 3.334781253924845035e-01
9.810000000000000000e+02 3.334832899545864815e-01
9.820000000000000000e+02 3.334884505010143330e-01
9.830000000000000000e+02 3.334936070389749041e-01
9.840000000000000000e+02 3.334987595756548906e-01
9.850000000000000000e+02 3.335039081182206711e-01
9.860000000000000000e+02 3.335090526738186956e-01
9.870000000000000000e+02 3.335141932495752082e-01
9.880000000000000000e+02 3.335193298525966354e-01
9.890000000000000000e+02 3.335244624899695864e-01
9.900000000000000000e+02 3.335295911687607417e-01
9.910000000000000000e+02 3.335347158960171310e-01
9.920000000000000000e+02 3.335398366787661883e-01
9.930000000000000000e+02 3.335449535240156971e-01
9.940000000000000000e+02 3.335500664387539560e-01
9.950000000000000000e+02 3.335551754299499461e-01
9.960000000000000000e+02 3.335602805045532193e-01
9.970000000000000000e+02 3.335653816694940099e-01
9.980000000000000000e+02 3.335704789316835117e-01
9.990000000000000000e+02 3.335755722980136007e-01
