1.990000000000000000e+03 1.455590012739147246e-02
1.990646362304687500e+03 1.471705997179679516e-02
1.991000000000000000e+03 1.479583408735727669e-02
1.992000000000000000e+03 1.501993942108595208e-02
1.993000000000000000e+03 1.524569165372666700e-02
1.994000000000000000e+03 1.547323807304127295e-02
1.995000000000000000e+03 1.570258316250642064e-02
1.996000000000000000e+03 1.593388853378840606e-02
1.997000000000000000e+03 1.616685732204001594e-02
1.998000000000000000e+03 1.640164357863246533e-02
1.999000000000000000e+03 1.663841576600878086e-02
2.000000000000000000e+03 1.687686370401167771e-02
2.000648193359375000e+03 1.699073951041463193e-02
2.001000000000000000e+03 1.704938006860086744e-02
2.002000000000000000e+03 1.721639759845191436e-02
2.003000000000000000e+03 1.738407944705827948e-02
2.004000000000000000e+03 1.755209509155889955e-02
2.005000000000000000e+03 1.772060724873416107e-02
2.006000000000000000e+03 1.788962072720616525e-02
2.007000000000000000e+03 1.805913435070750916e-02
2.008000000000000000e+03 1.822932237808431652e-02
2.009000000000000000e+03 1.839983825330782433e-02
2.010000000000000000e+03 1.857085878593699516e-02
2.010649902343750000e+03 1.868224107326131242e-02
2.011000000000000000e+03 1.874255277635632905e-02
2.012000000000000000e+03 1.891534295344502598e-02
2.013000000000000000e+03 1.908846327608423876e-02
2.014000000000000000e+03 1.926209071482485463e-02
2.015000000000000000e+03 1.943622609075056767e-02
2.016000000000000000e+03 1.961086800635897937e-02
2.017000000000000000e+03 1.978602170371431684e-02
2.018000000000000000e+03 1.996187553455780125e-02
2.019000000000000000e+03 2.013805252184635436e-02
2.020000000000000000e+03 2.031473927084058786e-02
2.020651733398437500e+03 2.043011103129149797e-02
2.021000000000000000e+03 2.049687892754645940e-02
2.022000000000000000e+03 2.068897151255231007e-02
2.023000000000000000e+03 2.088162506045516606e-02
2.024000000000000000e+03 2.107483809385090126e-02
2.025000000000000000e+03 2.126881826424429148e-02
2.026000000000000000e+03 2.146316194156510856e-02
2.027000000000000000e+03 2.165806776684995466e-02
2.028000000000000000e+03 2.185354152424046417e-02
2.029000000000000000e+03 2.204958169763668319e-02
2.030000000000000000e+03 2.224618919836244407e-02
2.030653442382812500e+03 2.237488224249848875e-02
2.031000000000000000e+03 2.244642268596790113e-02
2.032000000000000000e+03 2.265325908649558351e-02
2.033000000000000000e+03 2.286069372002737590e-02
2.034000000000000000e+03 2.306872754742962314e-02
2.035000000000000000e+03 2.327757974744882469e-02
2.036000000000000000e+03 2.348681678769583281e-02
2.037000000000000000e+03 2.369665591558153123e-02
2.038000000000000000e+03 2.390709809593523708e-02
2.039000000000000000e+03 2.411814157165442438e-02
2.040000000000000000e+03 2.432979273178610333e-02
2.040655273437500000e+03 2.446871027493389972e-02
2.041000000000000000e+03 2.454580970962804906e-02
2.042000000000000000e+03 2.476989499633672903e-02
2.043000000000000000e+03 2.499461988523440925e-02
2.044000000000000000e+03 2.521999101927389561e-02
2.045000000000000000e+03 2.544600663056425030e-02
2.046000000000000000e+03 2.567266774789822223e-02
2.047000000000000000e+03 2.589997247946678599e-02
2.048000000000000000e+03 2.612792767407249445e-02
2.049000000000000000e+03 2.635653146735493502e-02
2.050000000000000000e+03 2.658578489232427122e-02
2.050656982421875000e+03 2.674027811828818060e-02
2.051000000000000000e+03 2.682218701513047060e-02
2.052000000000000000e+03 2.706148751672153574e-02
2.053000000000000000e+03 2.730154607828555804e-02
2.054000000000000000e+03 2.754236416710161006e-02
2.055000000000000000e+03 2.778394012086259426e-02
2.056000000000000000e+03 2.802628164696692806e-02
2.057000000000000000e+03 2.826938711398476953e-02
2.058000000000000000e+03 2.851325478436943575e-02
2.059000000000000000e+03 2.875789253364308129e-02
2.060000000000000000e+03 2.900302420173199100e-02
2.060658935546875000e+03 2.916498343963354334e-02
2.061000000000000000e+03 2.924551659496442066e-02
2.062000000000000000e+03 2.948213013565312290e-02
2.063000000000000000e+03 2.971947302121039428e-02
2.064000000000000000e+03 2.995755332277623417e-02
2.065000000000000000e+03 3.019636912530426071e-02
2.066000000000000000e+03 3.043592183622351524e-02
2.067000000000000000e+03 3.067620941156836561e-02
2.068000000000000000e+03 3.091724014234344120e-02
2.069000000000000000e+03 3.115901201506070944e-02
2.070000000000000000e+03 3.140122960278265984e-02
2.070660888671875000e+03 3.156168953109422803e-02
2.071000000000000000e+03 3.164021942224149592e-02
2.072000000000000000e+03 3.187226707667901310e-02
2.073000000000000000e+03 3.210501556672260698e-02
2.074000000000000000e+03 3.233846621975462743e-02
2.075000000000000000e+03 3.257261670117221619e-02
2.076000000000000000e+03 3.280747564337987282e-02
2.077000000000000000e+03 3.304272860587376126e-02
2.078000000000000000e+03 3.327899899466501416e-02
2.079000000000000000e+03 3.351597820364350666e-02
2.080000000000000000e+03 3.375366377616621089e-02
2.080662841796875000e+03 3.391135018700261461e-02
2.081000000000000000e+03 3.398156482873742473e-02
2.082000000000000000e+03 3.419022198647474892e-02
2.083000000000000000e+03 3.439915784271562610e-02
2.084000000000000000e+03 3.460901718203215210e-02
2.085000000000000000e+03 3.481948607539542273e-02
2.086000000000000000e+03 3.503056178154927841e-02
2.087000000000000000e+03 3.524224542678919270e-02
2.088000000000000000e+03 3.545419961664910552e-02
2.089000000000000000e+03 3.566710052738628067e-02
2.090000000000000000e+03 3.588061275959423396e-02
2.090664794921875000e+03 3.602259586783598810e-02
2.091000000000000000e+03 3.608762956132395561e-02
2.092000000000000000e+03 3.628165949204103374e-02
2.093000000000000000e+03 3.647656646316661810e-02
2.094000000000000000e+03 3.667201922093017707e-02
2.095000000000000000e+03 3.686801468039154622e-02
2.096000000000000000e+03 3.706420438367726694e-02
2.097000000000000000e+03 3.726128221510557892e-02
2.098000000000000000e+03 3.745890987818445428e-02
2.099000000000000000e+03 3.765708420695932507e-02
2.100000000000000000e+03 3.785544943316301869e-02
2.100666748046875000e+03 3.802934268898853359e-02
2.101000000000000000e+03 3.810713416724963859e-02
2.102000000000000000e+03 3.834122407598463539e-02
2.103000000000000000e+03 3.857595123040817586e-02
2.104000000000000000e+03 3.881203886251002877e-02
2.105000000000000000e+03 3.904912851483487157e-02
2.106000000000000000e+03 3.928684856622347704e-02
2.107000000000000000e+03 3.952594846899570163e-02
2.108000000000000000e+03 3.976605884321499779e-02
2.109000000000000000e+03 4.000680582101719118e-02
2.110000000000000000e+03 4.024894339470320298e-02
2.110668701171875000e+03 4.041103004832044543e-02
2.111000000000000000e+03 4.048307314951491570e-02
2.112000000000000000e+03 4.070071558233046005e-02
2.113000000000000000e+03 4.091958886969485759e-02
2.114000000000000000e+03 4.113931417873995661e-02
2.115000000000000000e+03 4.135950458379501066e-02
2.116000000000000000e+03 4.158093406574922546e-02
2.117000000000000000e+03 4.180322703377778448e-02
2.118000000000000000e+03 4.202598578844452676e-02
2.119000000000000000e+03 4.225000126341320328e-02
2.120000000000000000e+03 4.247448296520211358e-02
2.120670654296875000e+03 4.262532899892006871e-02
2.121000000000000000e+03 4.269180950736327362e-02
2.122000000000000000e+03 4.289414365674800583e-02
2.123000000000000000e+03 4.309678569473232579e-02
2.124000000000000000e+03 4.330054598591619869e-02
2.125000000000000000e+03 4.350460911408655235e-02
2.126000000000000000e+03 4.370980266057405278e-02
2.127000000000000000e+03 4.391571647611162282e-02
2.128000000000000000e+03 4.412193770201406490e-02
2.129000000000000000e+03 4.432929555230601809e-02
2.130000000000000000e+03 4.453695561573075418e-02
2.130672607421875000e+03 4.467680503850463697e-02
2.131000000000000000e+03 4.473731221828831234e-02
2.132000000000000000e+03 4.492208607847434504e-02
2.133000000000000000e+03 4.510785457595381520e-02
2.134000000000000000e+03 4.529377328704616706e-02
2.135000000000000000e+03 4.548068756872442053e-02
2.136000000000000000e+03 4.566775632500480464e-02
2.137000000000000000e+03 4.585583178375713526e-02
2.138000000000000000e+03 4.604405583741567887e-02
2.139000000000000000e+03 4.623329266956199141e-02
2.140000000000000000e+03 4.642267208198733869e-02
2.140674560546875000e+03 4.655046432764149700e-02
2.141000000000000000e+03 4.660620634030317178e-02
2.142000000000000000e+03 4.677735734603032103e-02
2.143000000000000000e+03 4.694941086773153638e-02
2.144000000000000000e+03 4.712148825626161219e-02
2.145000000000000000e+03 4.729446790044231769e-02
2.146000000000000000e+03 4.746747540669499915e-02
2.147000000000000000e+03 4.764139549509511379e-02
2.148000000000000000e+03 4.781533690287857047e-02
2.149000000000000000e+03 4.799019595885108819e-02
2.150000000000000000e+03 4.816507504459959649e-02
2.150676513671875000e+03 4.828330913520716139e-02
2.151000000000000000e+03 4.833414216298444893e-02
2.152000000000000000e+03 4.849107066715905440e-02
2.153000000000000000e+03 4.864835425734911206e-02
2.154000000000000000e+03 4.880645103359740333e-02
2.155000000000000000e+03 4.896444800085293647e-02
2.156000000000000000e+03 4.912325673533374931e-02
2.157000000000000000e+03 4.928196943558617316e-02
2.158000000000000000e+03 4.944104017900702308e-02
2.159000000000000000e+03 4.960093429057901848e-02
2.160000000000000000e+03 4.976072435184245718e-02
2.160678710937500000e+03 4.986899494998496551e-02
2.161000000000000000e+03 4.991129936574095760e-02
2.162000000000000000e+03 5.004263088550725547e-02
2.163000000000000000e+03 5.017414748608919894e-02
2.164000000000000000e+03 5.030632034482860476e-02
2.165000000000000000e+03 5.043820849249763816e-02
2.166000000000000000e+03 5.057028191648901133e-02
2.167000000000000000e+03 5.070300971964088882e-02
2.168000000000000000e+03 5.083545506967926397e-02
2.169000000000000000e+03 5.096808588916748595e-02
2.170000000000000000e+03 5.110138052218345106e-02
2.170680664062500000e+03 5.119113220897450467e-02
2.171000000000000000e+03 5.122887507227453369e-02
2.172000000000000000e+03 5.134713217060492968e-02
2.173000000000000000e+03 5.146596405462337126e-02
2.174000000000000000e+03 5.158441994536367564e-02
2.175000000000000000e+03 5.170297442488300255e-02
2.176000000000000000e+03 5.182211204911647134e-02
2.177000000000000000e+03 5.194086420230215745e-02
2.178000000000000000e+03 5.205970857806218460e-02
2.179000000000000000e+03 5.217914450817440208e-02
2.180000000000000000e+03 5.229819119653870974e-02
2.180682861328125000e+03 5.237871460653375361e-02
2.181000000000000000e+03 5.240798578987794498e-02
2.182000000000000000e+03 5.250024572224544495e-02
2.183000000000000000e+03 5.259293937542608433e-02
2.184000000000000000e+03 5.268507781331876333e-02
2.185000000000000000e+03 5.277716291972568696e-02
2.186000000000000000e+03 5.286918820007702885e-02
2.187000000000000000e+03 5.296164789327643257e-02
2.188000000000000000e+03 5.305355240217702467e-02
2.189000000000000000e+03 5.314539514935184839e-02
2.190000000000000000e+03 5.323716956626810271e-02
2.190684814453125000e+03 5.329945711256623558e-02
2.191000000000000000e+03 5.332021231189982419e-02
2.192000000000000000e+03 5.338542627261613771e-02
2.193000000000000000e+03 5.345042817735482649e-02
2.194000000000000000e+03 5.351521696291179631e-02
2.195000000000000000e+03 5.358029184402184064e-02
2.196000000000000000e+03 5.364464578436957398e-02
2.197000000000000000e+03 5.370878935582378694e-02
2.198000000000000000e+03 5.377271553029807499e-02
2.199000000000000000e+03 5.383642323312634592e-02
2.200000000000000000e+03 5.389991138734292336e-02
2.200687011718750000e+03 5.393360699056130164e-02
2.201000000000000000e+03 5.394225699206881691e-02
2.202000000000000000e+03 5.396917168581511631e-02
2.203000000000000000e+03 5.399576723264883082e-02
2.204000000000000000e+03 5.402203639799957324e-02
2.205000000000000000e+03 5.404797793737677047e-02
2.206000000000000000e+03 5.407359060382400939e-02
2.207000000000000000e+03 5.409937770089461723e-02
2.208000000000000000e+03 5.412432304762842400e-02
2.209000000000000000e+03 5.414894176922026292e-02
2.210000000000000000e+03 5.417322660222480268e-02
2.210688964843750000e+03 5.418877135808362194e-02
2.211000000000000000e+03 5.418702762002972073e-02
2.212000000000000000e+03 5.418110777991547167e-02
2.213000000000000000e+03 5.417470829403809446e-02
2.214000000000000000e+03 5.416782754167074471e-02
2.215000000000000000e+03 5.416046389901130881e-02
2.216000000000000000e+03 5.415311435820754221e-02
2.217000000000000000e+03 5.414477992810082241e-02
2.218000000000000000e+03 5.413595771333881007e-02
2.219000000000000000e+03 5.412664607776639797e-02
2.220000000000000000e+03 5.411684338213405138e-02
2.220691162109375000e+03 5.410872086406361831e-02
2.221000000000000000e+03 5.409880581511324060e-02
2.222000000000000000e+03 5.406630758647527901e-02
2.223000000000000000e+03 5.403322124579185842e-02
2.224000000000000000e+03 5.399953891919945237e-02
2.225000000000000000e+03 5.396525872802621776e-02
2.226000000000000000e+03 5.393037879014586644e-02
2.227000000000000000e+03 5.389489721997345328e-02
2.228000000000000000e+03 5.385881212846108101e-02
2.229000000000000000e+03 5.382211565956906973e-02
2.230000000000000000e+03 5.378481784904674129e-02
2.230693115234375000e+03 5.373800557215727136e-02
2.231000000000000000e+03 5.371048672440860428e-02
2.232000000000000000e+03 5.362040433207675844e-02
2.233000000000000000e+03 5.352969243422137091e-02
2.234000000000000000e+03 5.343834993034003028e-02
2.235000000000000000e+03 5.334637571904429776e-02
2.236000000000000000e+03 5.325376280134560408e-02
2.237000000000000000e+03 5.316052187838250093e-02
2.238000000000000000e+03 5.306664593859010404e-02
2.239000000000000000e+03 5.297213387703351289e-02
2.240000000000000000e+03 5.287698458789041184e-02
2.240695312500000000e+03 5.280934206792339825e-02
2.241000000000000000e+03 5.277585163040188210e-02
2.242000000000000000e+03 5.266549161236967758e-02
2.243000000000000000e+03 5.255445212042869629e-02
2.244000000000000000e+03 5.244272622198549449e-02
2.245000000000000000e+03 5.233032440432582727e-02
2.246000000000000000e+03 5.221723972017962290e-02
2.247000000000000000e+03 5.210347103688727638e-02
2.248000000000000000e+03 5.198901722090060878e-02
2.249000000000000000e+03 5.187387713778256193e-02
2.250000000000000000e+03 5.175756886540810314e-02
2.250697509765625000e+03 5.167527520508798100e-02
2.251000000000000000e+03 5.163760868616011634e-02
2.252000000000000000e+03 5.151262293084814259e-02
2.253000000000000000e+03 5.138693780464269334e-02
2.254000000000000000e+03 5.126054647956221344e-02
2.255000000000000000e+03 5.113344783662551046e-02
2.256000000000000000e+03 5.100564075599497288e-02
2.257000000000000000e+03 5.087712411697616760e-02
2.258000000000000000e+03 5.074789679801742365e-02
2.259000000000000000e+03 5.061748786824982888e-02
2.260000000000000000e+03 5.048683149940017684e-02
2.260699707031250000e+03 5.039391451900886165e-02
2.261000000000000000e+03 5.035115661820332295e-02
2.262000000000000000e+03 5.020828877701131315e-02
2.263000000000000000e+03 5.006468093094957467e-02
2.264000000000000000e+03 4.992033196339112910e-02
2.265000000000000000e+03 4.977524075687777411e-02
2.266000000000000000e+03 4.962894585426277233e-02
2.267000000000000000e+03 4.948236821625459636e-02
2.268000000000000000e+03 4.933503954182005824e-02
2.269000000000000000e+03 4.918696962055515293e-02
2.270000000000000000e+03 4.903815186731744907e-02
2.270701904296875000e+03 4.893193341934697072e-02
2.271000000000000000e+03 4.888605591714202669e-02
2.272000000000000000e+03 4.873212194413722304e-02
2.273000000000000000e+03 4.857743877503326729e-02
2.274000000000000000e+03 4.842200533121988199e-02
2.275000000000000000e+03 4.826582053330692734e-02
2.276000000000000000e+03 4.810843216313032827e-02
2.277000000000000000e+03 4.795074293607930194e-02
2.278000000000000000e+03 4.779229911887041687e-02
2.279000000000000000e+03 4.763309962899994754e-02
2.280000000000000000e+03 4.747270360287066115e-02
2.280704101562500000e+03 4.735872743868460577e-02
2.281000000000000000e+03 4.731135374099836727e-02
2.282000000000000000e+03 4.715077142121499448e-02
2.283000000000000000e+03 4.698944580618957118e-02
2.284000000000000000e+03 4.682694223104102993e-02
2.285000000000000000e+03 4.666412335867815842e-02
2.286000000000000000e+03 4.650056328815611872e-02
2.287000000000000000e+03 4.633625583163958339e-02
2.288000000000000000e+03 4.617077255197927360e-02
2.289000000000000000e+03 4.600496881854065911e-02
2.290000000000000000e+03 4.583841462514331999e-02
2.290706298828125000e+03 4.571921939878039604e-02
2.291000000000000000e+03 4.567090366975472271e-02
2.292000000000000000e+03 4.550634913902430745e-02
2.293000000000000000e+03 4.534106536511500057e-02
2.294000000000000000e+03 4.517463342116484482e-02
2.295000000000000000e+03 4.500788490019999588e-02
2.296000000000000000e+03 4.484040923211563001e-02
2.297000000000000000e+03 4.467178727544313804e-02
2.298000000000000000e+03 4.450284607141644783e-02
2.299000000000000000e+03 4.433316985884991346e-02
2.300000000000000000e+03 4.416234929167433404e-02
2.300708496093750000e+03 4.401915077777777269e-02
2.301000000000000000e+03 4.396025467840609241e-02
2.302000000000000000e+03 4.375793681003447427e-02
2.303000000000000000e+03 4.355478910768965928e-02
2.304000000000000000e+03 4.335161836202913038e-02
2.305000000000000000e+03 4.314801482483484468e-02
2.306000000000000000e+03 4.294359068241205418e-02
2.307000000000000000e+03 4.273913645150734242e-02
2.308000000000000000e+03 4.253385983464373632e-02
2.309000000000000000e+03 4.232854841440852195e-02
2.310000000000000000e+03 4.212280678357165770e-02
2.310710449218750000e+03 4.197542473535887525e-02
2.311000000000000000e+03 4.191682584954905394e-02
2.312000000000000000e+03 4.171456947057013143e-02
2.313000000000000000e+03 4.151151750605151097e-02
2.314000000000000000e+03 4.130843831362167318e-02
2.315000000000000000e+03 4.110456655689948696e-02
2.316000000000000000e+03 4.090065845301594366e-02
2.317000000000000000e+03 4.069634109868949107e-02
2.318000000000000000e+03 4.049123573453451003e-02
2.319000000000000000e+03 4.028609155551481774e-02
2.320000000000000000e+03 4.008016242032425014e-02
2.320712890625000000e+03 3.993276327844332702e-02
2.321000000000000000e+03 3.987529495114042893e-02
2.322000000000000000e+03 3.967451293430376141e-02
2.323000000000000000e+03 3.947370391607921136e-02
2.324000000000000000e+03 3.927213708278155802e-02
2.325000000000000000e+03 3.907053873448528697e-02
2.326000000000000000e+03 3.886818561792405174e-02
2.327000000000000000e+03 3.866579221231791069e-02
2.328000000000000000e+03 3.846265136676261381e-02
2.329000000000000000e+03 3.825946993696693194e-02
2.330000000000000000e+03 3.805553986985739379e-02
2.330715087890625000e+03 3.790919470344196462e-02
2.331000000000000000e+03 3.784969477260650972e-02
2.332000000000000000e+03 3.764025639868450596e-02
2.333000000000000000e+03 3.743076958223461731e-02
2.334000000000000000e+03 3.722054175475065368e-02
2.335000000000000000e+03 3.701026084060240334e-02
2.336000000000000000e+03 3.679924213816974932e-02
2.337000000000000000e+03 3.658816569095529186e-02
2.338000000000000000e+03 3.637635469070497202e-02
2.339000000000000000e+03 3.616447730600254318e-02
2.340000000000000000e+03 3.595187260723377298e-02
2.340717285156250000e+03 3.579867618926141359e-02
2.341000000000000000e+03 3.573938808549332463e-02
2.342000000000000000e+03 3.552976029542952857e-02
2.343000000000000000e+03 3.531942059851043980e-02
2.344000000000000000e+03 3.510902137501663300e-02
2.345000000000000000e+03 3.489791350778235351e-02
2.346000000000000000e+03 3.468674150460433064e-02
2.347000000000000000e+03 3.447486413294473251e-02
2.348000000000000000e+03 3.426260249879620884e-02
2.349000000000000000e+03 3.405026979093925266e-02
2.350000000000000000e+03 3.383723665190539742e-02
2.350719482421875000e+03 3.368355646942542553e-02
2.351000000000000000e+03 3.362496145760598965e-02
2.352000000000000000e+03 3.341553227108420843e-02
2.353000000000000000e+03 3.320573220777447293e-02
2.354000000000000000e+03 3.299586102344020250e-02
2.355000000000000000e+03 3.278531634048581500e-02
2.356000000000000000e+03 3.257439985067721311e-02
2.357000000000000000e+03 3.236340902711094120e-02
2.358000000000000000e+03 3.215174602353176869e-02
2.359000000000000000e+03 3.193971028165751291e-02
2.360000000000000000e+03 3.172759334877326559e-02
2.360721679687500000e+03 3.157371674918085097e-02
2.361000000000000000e+03 3.151248897014902184e-02
2.362000000000000000e+03 3.129225731473912059e-02
2.363000000000000000e+03 3.107193362412916451e-02
2.364000000000000000e+03 3.085094403487246770e-02
2.365000000000000000e+03 3.062957604843302706e-02
2.366000000000000000e+03 3.040810893675402818e-02
2.367000000000000000e+03 3.018598118003821412e-02
2.368000000000000000e+03 2.996347411200620675e-02
2.369000000000000000e+03 2.974085754473713636e-02
2.370000000000000000e+03 2.951758889216682044e-02
2.370723876953125000e+03 2.935542940463995235e-02
2.371000000000000000e+03 2.929269564657041233e-02
2.372000000000000000e+03 2.906525900631232520e-02
2.373000000000000000e+03 2.883770831269455090e-02
2.374000000000000000e+03 2.860951119586858937e-02
2.375000000000000000e+03 2.838093445650231167e-02
2.376000000000000000e+03 2.815197780083563209e-02
2.377000000000000000e+03 2.792289742094758789e-02
2.378000000000000000e+03 2.769317791980010351e-02
2.379000000000000000e+03 2.746307761716118567e-02
2.380000000000000000e+03 2.723259621875854034e-02
2.380726074218750000e+03 2.706494034080526509e-02
2.381000000000000000e+03 2.700095961038601056e-02
2.382000000000000000e+03 2.676689971403172982e-02
2.383000000000000000e+03 2.653246000949137720e-02
2.384000000000000000e+03 2.629764021258137671e-02
2.385000000000000000e+03 2.606267927551421393e-02
2.386000000000000000e+03 2.582709625880449597e-02
2.387000000000000000e+03 2.559113229333270442e-02
2.388000000000000000e+03 2.535478709444308892e-02
2.389000000000000000e+03 2.511805763343931061e-02
2.390000000000000000e+03 2.488117743433808024e-02
2.390728515625000000e+03 2.470799600151426384e-02
2.391000000000000000e+03 2.464359740026866863e-02
2.392000000000000000e+03 2.440614911061085579e-02
2.393000000000000000e+03 2.416832459201632283e-02
2.394000000000000000e+03 2.393012357185220901e-02
2.395000000000000000e+03 2.369154577737824646e-02
2.396000000000000000e+03 2.345280601639412529e-02
2.397000000000000000e+03 2.321347164221990514e-02
2.398000000000000000e+03 2.297375967177322717e-02
2.399000000000000000e+03 2.273366983188259555e-02
2.400000000000000000e+03 2.249320184926904137e-02
2.400730712890625000e+03 2.229435989711652313e-02
2.401000000000000000e+03 2.222170150483714426e-02
2.402000000000000000e+03 2.195208801311629779e-02
2.403000000000000000e+03 2.168279640765787344e-02
2.404000000000000000e+03 2.141402337668097886e-02
2.405000000000000000e+03 2.114537437398783873e-02
2.406000000000000000e+03 2.087704856962623035e-02
2.407000000000000000e+03 2.060904640025362430e-02
2.408000000000000000e+03 2.034136830273813173e-02
2.409000000000000000e+03 2.007401471415852165e-02
2.410000000000000000e+03 1.980698607180427298e-02
2.410732910156250000e+03 1.961135936043889583e-02
2.411000000000000000e+03 1.954237471273901836e-02
2.412000000000000000e+03 1.928429436252756396e-02
2.413000000000000000e+03 1.902653349223149340e-02
2.414000000000000000e+03 1.876909251647899263e-02
2.415000000000000000e+03 1.851196983220394429e-02
2.416000000000000000e+03 1.825533705553325850e-02
2.417000000000000000e+03 1.799885591942093632e-02
2.418000000000000000e+03 1.774269634156054598e-02
2.419000000000000000e+03 1.748685873753495421e-02
2.420000000000000000e+03 1.723134352311744832e-02
2.420735107421875000e+03 1.704362804758152022e-02
2.421000000000000000e+03 1.697929390594651866e-02
2.422000000000000000e+03 1.673662113804478754e-02
2.423000000000000000e+03 1.649425861609762900e-02
2.424000000000000000e+03 1.625220672846354464e-02
2.425000000000000000e+03 1.601046586367126795e-02
2.426000000000000000e+03 1.576903641041979207e-02
2.427000000000000000e+03 1.552791875757846170e-02
2.428000000000000000e+03 1.528711329418689854e-02
2.429000000000000000e+03 1.504662040945510190e-02
2.430000000000000000e+03 1.480644049276338796e-02
2.430737548828125000e+03 1.462790762708283433e-02
2.431000000000000000e+03 1.456833108369336161e-02
2.432000000000000000e+03 1.434155762100697284e-02
2.433000000000000000e+03 1.411514396988763388e-02
2.434000000000000000e+03 1.388909033964454837e-02
2.435000000000000000e+03 1.366339693961195548e-02
2.436000000000000000e+03 1.343794114877569154e-02
2.437000000000000000e+03 1.321297090354335742e-02
2.438000000000000000e+03 1.298836151303676620e-02
2.439000000000000000e+03 1.276411318668898946e-02
2.440000000000000000e+03 1.254022613395806146e-02
2.440739746093750000e+03 1.237479767805358885e-02
2.441000000000000000e+03 1.232193458890345691e-02
2.442000000000000000e+03 1.211902045777172969e-02
2.443000000000000000e+03 1.191643510130175644e-02
2.444000000000000000e+03 1.171417870447637351e-02
2.445000000000000000e+03 1.151225145229773338e-02
2.446000000000000000e+03 1.131065352978724743e-02
2.447000000000000000e+03 1.110938512198562413e-02
2.448000000000000000e+03 1.090834680279446217e-02
2.449000000000000000e+03 1.070773981950629353e-02
2.450000000000000000e+03 1.050746290284908582e-02
2.450742187500000000e+03 1.035900506794578887e-02
2.451000000000000000e+03 1.031351504362751012e-02
2.452000000000000000e+03 1.013725177677252294e-02
2.453000000000000000e+03 9.961279433107468259e-03
2.454000000000000000e+03 9.785598171809831505e-03
2.455000000000000000e+03 9.610208152071654172e-03
2.456000000000000000e+03 9.435023431556974899e-03
2.457000000000000000e+03 9.260217974731478965e-03
2.458000000000000000e+03 9.085704234204254950e-03
2.459000000000000000e+03 8.911482369224682162e-03
2.460000000000000000e+03 8.737552539056628320e-03
2.460744384765625000e+03 8.608256556751006303e-03
2.461000000000000000e+03 8.569713835619508988e-03
2.462000000000000000e+03 8.419011489106611665e-03
2.463000000000000000e+03 8.268640004506671790e-03
2.464000000000000000e+03 8.118521344577999885e-03
2.465000000000000000e+03 7.968655644984985395e-03
2.466000000000000000e+03 7.819043041403220609e-03
2.467000000000000000e+03 7.669613740458874375e-03
2.468000000000000000e+03 7.520509101077902867e-03
2.469000000000000000e+03 7.371657962267372764e-03
2.470000000000000000e+03 7.223060459746984303e-03
2.470746582031250000e+03 7.112280277271124801e-03
2.471000000000000000e+03 7.079891323382136656e-03
2.472000000000000000e+03 6.952155687022445671e-03
2.473000000000000000e+03 6.824701928783472732e-03
2.474000000000000000e+03 6.697465633161410123e-03
2.475000000000000000e+03 6.570446915670182658e-03
2.476000000000000000e+03 6.443587183516323418e-03
2.477000000000000000e+03 6.317005126882319424e-03
2.478000000000000000e+03 6.190640992800337458e-03
2.479000000000000000e+03 6.064494896819908401e-03
2.480000000000000000e+03 5.938512865202484267e-03
2.480749023437500000e+03 5.844334498857451515e-03
2.481000000000000000e+03 5.817677708547974030e-03
2.482000000000000000e+03 5.711579789585152951e-03
2.483000000000000000e+03 5.605613716435447168e-03
2.484000000000000000e+03 5.499882643221797214e-03
2.485000000000000000e+03 5.394334653145384760e-03
2.486000000000000000e+03 5.288921693336506510e-03
2.487000000000000000e+03 5.183741122056392293e-03
2.488000000000000000e+03 5.078743923207608597e-03
2.489000000000000000e+03 4.973930193845056864e-03
2.490000000000000000e+03 4.869255715834200360e-03
2.490751220703125000e+03 4.790781705012653324e-03
2.491000000000000000e+03 4.768655333735297326e-03
2.492000000000000000e+03 4.679812308668736612e-03
2.493000000000000000e+03 4.591082501184126120e-03
2.494000000000000000e+03 4.502550350216884267e-03
2.495000000000000000e+03 4.414173354383158637e-03
2.496000000000000000e+03 4.325912244788529190e-03
2.497000000000000000e+03 4.237846611662968513e-03
2.498000000000000000e+03 4.149898635676965881e-03
2.499000000000000000e+03 4.062144690032263271e-03
2.500000000000000000e+03 3.974546310121084870e-03
2.500753662109375000e+03 3.907926112558721826e-03
2.501000000000000000e+03 3.890161796978818930e-03
2.502000000000000000e+03 3.818181014790283934e-03
2.503000000000000000e+03 3.746356424942658050e-03
2.504000000000000000e+03 3.674654703337598520e-03
2.505000000000000000e+03 3.603143397784866735e-03
2.506000000000000000e+03 3.531756427559183849e-03
2.507000000000000000e+03 3.460558729334723988e-03
2.508000000000000000e+03 3.389517631828129623e-03
2.509000000000000000e+03 3.318603059622390623e-03
2.510000000000000000e+03 3.247876055622236652e-03
2.510756103515625000e+03 3.194487805259773553e-03
2.511000000000000000e+03 3.179994076206752937e-03
2.512000000000000000e+03 3.120678394539712960e-03
2.513000000000000000e+03 3.061465240605825387e-03
2.514000000000000000e+03 3.002410847627332534e-03
2.515000000000000000e+03 2.943486932897020850e-03
2.516000000000000000e+03 2.884667366034771550e-03
2.517000000000000000e+03 2.826005151800327006e-03
2.518000000000000000e+03 2.767448492096172448e-03
2.519000000000000000e+03 2.709048252108557479e-03
2.520000000000000000e+03 2.650754768240914851e-03
2.520758300781250000e+03 2.606662285549854203e-03
2.521000000000000000e+03 2.594645270077025005e-03
2.522000000000000000e+03 2.544971948500788367e-03
2.523000000000000000e+03 2.495432828736886526e-03
2.524000000000000000e+03 2.445982212089421737e-03
2.525000000000000000e+03 2.396665012093361982e-03
2.526000000000000000e+03 2.347437585694985961e-03
2.527000000000000000e+03 2.298342287880947472e-03
2.528000000000000000e+03 2.249338019215661646e-03
2.529000000000000000e+03 2.200465361611074391e-03
2.530000000000000000e+03 2.151684244829702580e-03
2.530760498046875000e+03 2.114680184990859729e-03
2.531000000000000000e+03 2.105671916283218502e-03
2.532000000000000000e+03 2.068092850829077872e-03
2.533000000000000000e+03 2.030617151134003935e-03
2.534000000000000000e+03 1.993207682717879937e-03
2.535000000000000000e+03 1.955900988412727966e-03
2.536000000000000000e+03 1.918661296292357293e-03
2.537000000000000000e+03 1.881506728639960888e-03
2.538000000000000000e+03 1.844454053405959488e-03
2.539000000000000000e+03 1.807469530183627602e-03
2.540000000000000000e+03 1.770586315987476411e-03
2.540762939453125000e+03 1.742494621119136840e-03
2.541000000000000000e+03 1.735105940632302324e-03
2.542000000000000000e+03 1.703997557776697723e-03
2.543000000000000000e+03 1.672944733829539446e-03
2.544000000000000000e+03 1.641963235093143059e-03
2.545000000000000000e+03 1.611067698961139499e-03
2.546000000000000000e+03 1.580228682337669801e-03
2.547000000000000000e+03 1.549475143485291818e-03
2.548000000000000000e+03 1.518778761353548924e-03
2.549000000000000000e+03 1.488153892842619154e-03
2.550000000000000000e+03 1.457613779700231210e-03
2.550765380859375000e+03 1.434279031373884719e-03
2.551000000000000000e+03 1.428265715855557083e-03
2.552000000000000000e+03 1.402672407100969245e-03
2.553000000000000000e+03 1.377150818746034023e-03
2.554000000000000000e+03 1.351675959453869317e-03
2.555000000000000000e+03 1.326272575431970170e-03
2.556000000000000000e+03 1.300916447759362191e-03
2.557000000000000000e+03 1.275619848902888927e-03
2.558000000000000000e+03 1.250394130627366721e-03
2.559000000000000000e+03 1.225216455081006408e-03
2.560000000000000000e+03 1.200098403353396393e-03
2.560767578125000000e+03 1.180868833475894920e-03
2.561000000000000000e+03 1.175997965190900101e-03
2.562000000000000000e+03 1.155060582923555634e-03
2.563000000000000000e+03 1.134172423374100232e-03
2.564000000000000000e+03 1.113333512888896489e-03
2.565000000000000000e+03 1.092553763936600407e-03
2.566000000000000000e+03 1.071813242256621466e-03
2.567000000000000000e+03 1.051122049171487015e-03
2.568000000000000000e+03 1.030489533456589984e-03
2.569000000000000000e+03 1.009896889686182726e-03
2.570000000000000000e+03 9.893536540689573059e-04
2.570770019531250000e+03 9.735701042775173845e-04
2.571000000000000000e+03 9.698459470030601666e-04
2.572000000000000000e+03 9.536846513458423864e-04
2.573000000000000000e+03 9.375528886395587732e-04
2.574000000000000000e+03 9.214594514879674700e-04
2.575000000000000000e+03 9.054125472070992647e-04
2.576000000000000000e+03 8.893956778933183750e-04
2.577000000000000000e+03 8.734171966385639689e-04
2.578000000000000000e+03 8.574771241599376918e-04
2.579000000000000000e+03 8.415830883802741507e-04
2.580000000000000000e+03 8.257197516848815890e-04
2.580772460937500000e+03 8.134937511572880482e-04
2.581000000000000000e+03 8.104618386257125525e-04
2.582000000000000000e+03 7.971566077364126632e-04
2.583000000000000000e+03 7.838832735208360559e-04
2.584000000000000000e+03 7.706488168807806545e-04
2.585000000000000000e+03 7.574392085461016623e-04
2.586000000000000000e+03 7.442615495824253264e-04
2.587000000000000000e+03 7.311159360865012368e-04
2.588000000000000000e+03 7.180022268557265065e-04
2.589000000000000000e+03 7.049268866435926722e-04
2.590000000000000000e+03 6.918770801361878633e-04
2.590774902343750000e+03 6.817878432418248867e-04
2.591000000000000000e+03 6.791236543044345359e-04
2.592000000000000000e+03 6.673056436161671793e-04
2.593000000000000000e+03 6.555165273820857865e-04
2.594000000000000000e+03 6.437563215710392136e-04
2.595000000000000000e+03 6.320307484325548685e-04
2.596000000000000000e+03 6.203283053231718703e-04
2.597000000000000000e+03 6.086548208324432793e-04
2.598000000000000000e+03 5.970103109375402874e-04
2.599000000000000000e+03 5.853947916176920107e-04
2.600000000000000000e+03 5.738082788541831042e-04
2.600777099609375000e+03 5.647612764595773402e-04
2.601000000000000000e+03 5.627671660789191049e-04
2.602000000000000000e+03 5.538406166187633158e-04
2.603000000000000000e+03 5.449330536833599985e-04
2.604000000000000000e+03 5.360495693218030565e-04
2.605000000000000000e+03 5.271901768496075214e-04
2.606000000000000000e+03 5.183548895840503620e-04
2.607000000000000000e+03 5.095437208441702670e-04
2.608000000000000000e+03 5.007566839507646096e-04
2.609000000000000000e+03 4.919937922263916156e-04
2.610000000000000000e+03 4.832550589953672196e-04
2.610779541015625000e+03 4.764602409592284295e-04
2.611000000000000000e+03 4.747793225997952817e-04
2.612000000000000000e+03 4.671674165784573795e-04
2.613000000000000000e+03 4.595805154494194355e-04
2.614000000000000000e+03 4.520102745705283456e-04
2.615000000000000000e+03 4.444609658841354059e-04
2.616000000000000000e+03 4.369325048077081237e-04
2.617000000000000000e+03 4.294249514909370116e-04
2.618000000000000000e+03 4.219383175695173523e-04
2.619000000000000000e+03 4.144726146807224849e-04
2.620000000000000000e+03 4.070278544634047804e-04
2.620781982421875000e+03 4.012213598403944603e-04
2.621000000000000000e+03 4.000555416824859390e-04
2.622000000000000000e+03 3.947170101322637842e-04
2.623000000000000000e+03 3.893929786490389925e-04
2.624000000000000000e+03 3.840834554068546037e-04
2.625000000000000000e+03 3.787884485809033452e-04
2.626000000000000000e+03 3.735080064025983839e-04
2.627000000000000000e+03 3.682420563717127607e-04
2.628000000000000000e+03 3.629906472911576779e-04
2.629000000000000000e+03 3.577537873407116045e-04
2.630000000000000000e+03 3.525314847012983067e-04
2.630784179687500000e+03 3.484594842337145060e-04
2.631000000000000000e+03 3.471936347511205153e-04
2.632000000000000000e+03 3.413381777096426324e-04
2.633000000000000000e+03 3.354989100606046125e-04
2.634000000000000000e+03 3.296758434048216533e-04
2.635000000000000000e+03 3.238689893472255599e-04
2.636000000000000000e+03 3.180783594968649612e-04
2.637000000000000000e+03 3.123039989319593350e-04
2.638000000000000000e+03 3.065458517203117645e-04
2.639000000000000000e+03 3.008039635695900979e-04
2.640000000000000000e+03 2.950783461053220241e-04
2.640786621093750000e+03 2.905842162148318270e-04
2.641000000000000000e+03 2.896724304822969860e-04
2.642000000000000000e+03 2.854091065235399120e-04
2.643000000000000000e+03 2.811575641620176445e-04
2.644000000000000000e+03 2.769178119060660922e-04
2.645000000000000000e+03 2.726898582670669044e-04
2.646000000000000000e+03 2.684737117594456282e-04
2.647000000000000000e+03 2.642694091984673470e-04
2.648000000000000000e+03 2.600769020581328696e-04
2.649000000000000000e+03 2.558962276120646442e-04
2.650000000000000000e+03 2.517273943868767643e-04
2.650789062500000000e+03 2.484465532221842490e-04
2.651000000000000000e+03 2.476195031498415358e-04
2.652000000000000000e+03 2.437032074254000518e-04
2.653000000000000000e+03 2.398002520835621691e-04
2.654000000000000000e+03 2.359084185661030882e-04
2.655000000000000000e+03 2.320277149320560403e-04
2.656000000000000000e+03 2.281581492433549315e-04
2.657000000000000000e+03 2.242997535656719818e-04
2.658000000000000000e+03 2.204524875517050863e-04
2.659000000000000000e+03 2.166144369570841325e-04
2.660000000000000000e+03 2.127895378282189842e-04
2.660791503906250000e+03 2.097702315677749574e-04
2.661000000000000000e+03 2.091790146694475524e-04
2.662000000000000000e+03 2.063482189734534616e-04
2.663000000000000000e+03 2.035254211123492291e-04
2.664000000000000000e+03 2.007106269165603797e-04
2.665000000000000000e+03 1.979020644074702326e-04
2.666000000000000000e+03 1.951033411733281062e-04
2.667000000000000000e+03 1.923126178692537375e-04
2.668000000000000000e+03 1.895299214985007906e-04
2.669000000000000000e+03 1.867552579020164305e-04
2.670000000000000000e+03 1.839869806930561919e-04
2.670793701171875000e+03 1.817970465891244119e-04
2.671000000000000000e+03 1.813853518177997184e-04
2.672000000000000000e+03 1.793930499276287852e-04
2.673000000000000000e+03 1.774062579785604858e-04
2.674000000000000000e+03 1.754249800199564151e-04
2.675000000000000000e+03 1.734476815981340480e-04
2.676000000000000000e+03 1.714774613596324214e-04
2.677000000000000000e+03 1.695127672170053932e-04
2.678000000000000000e+03 1.675536032254957045e-04
2.679000000000000000e+03 1.655984872763076917e-04
2.680000000000000000e+03 1.636504133469646953e-04
2.680796142578125000e+03 1.621036030530218018e-04
2.681000000000000000e+03 1.614451413037516281e-04
2.682000000000000000e+03 1.582211149930440872e-04
2.683000000000000000e+03 1.550056626743400682e-04
2.684000000000000000e+03 1.518015684478134708e-04
2.685000000000000000e+03 1.486074368485631645e-04
2.686000000000000000e+03 1.454219707058158472e-04
2.687000000000000000e+03 1.422478147950109436e-04
2.688000000000000000e+03 1.390836432929220743e-04
2.689000000000000000e+03 1.359294634965298859e-04
2.690000000000000000e+03 1.327840919402145778e-04
2.690798583984375000e+03 1.302805287062084856e-04
2.691000000000000000e+03 1.299935736171044048e-04
2.692000000000000000e+03 1.285713403973679663e-04
2.693000000000000000e+03 1.271520200175867686e-04
2.694000000000000000e+03 1.257379221745614367e-04
2.695000000000000000e+03 1.243278970611346075e-04
2.696000000000000000e+03 1.229208458317435353e-04
2.697000000000000000e+03 1.215189878688261810e-04
2.698000000000000000e+03 1.201212116464169422e-04
2.699000000000000000e+03 1.187264561397575449e-04
2.700000000000000000e+03 1.173368775024092258e-04
2.700801025390625000e+03 1.163753590992958682e-04
2.701000000000000000e+03 1.162327066886195638e-04
2.702000000000000000e+03 1.155148773679099918e-04
2.703000000000000000e+03 1.147983291560736345e-04
2.704000000000000000e+03 1.140809987436785855e-04
2.705000000000000000e+03 1.133649370416997342e-04
2.706000000000000000e+03 1.126491157947414560e-04
2.707000000000000000e+03 1.119325446289529103e-04
2.708000000000000000e+03 1.112172115885045324e-04
2.709000000000000000e+03 1.105021198951752971e-04
2.710000000000000000e+03 1.097862866664826886e-04
2.710803466796875000e+03 1.092121820063452679e-04
2.711000000000000000e+03 1.088948583076864985e-04
2.712000000000000000e+03 1.072796353626790820e-04
2.713000000000000000e+03 1.056659625547393637e-04
2.714000000000000000e+03 1.040519449631987652e-04
2.715000000000000000e+03 1.024394385882667377e-04
2.716000000000000000e+03 1.008275093012217359e-04
2.717000000000000000e+03 9.921526970566356895e-05
2.718000000000000000e+03 9.760451116324005453e-05
2.719000000000000000e+03 9.599347265187410162e-05
2.720000000000000000e+03 9.438388761124556531e-05
2.720805908203125000e+03 9.308651077820033059e-05
2.721000000000000000e+03 9.285127981154876428e-05
2.722000000000000000e+03 9.164042272167242801e-05
2.723000000000000000e+03 9.042917814249727898e-05
2.724000000000000000e+03 8.921918561515090862e-05
2.725000000000000000e+03 8.800962565337327038e-05
2.726000000000000000e+03 8.679972229443287603e-05
2.727000000000000000e+03 8.559103990340202186e-05
2.728000000000000000e+03 8.438203688758904534e-05
2.729000000000000000e+03 8.317424299943870000e-05
2.730000000000000000e+03 8.196614225283601035e-05
2.730808349609375000e+03 8.099054811489664590e-05
2.731000000000000000e+03 8.090561329592519258e-05
2.732000000000000000e+03 8.046180635556829603e-05
2.733000000000000000e+03 8.001887139537410334e-05
2.734000000000000000e+03 7.957537360990279052e-05
2.735000000000000000e+03 7.913274015099915223e-05
2.736000000000000000e+03 7.868956062790177330e-05
2.737000000000000000e+03 7.824652990363106168e-05
2.738000000000000000e+03 7.780435203944997542e-05
2.739000000000000000e+03 7.736163230161608850e-05
2.740000000000000000e+03 7.691975779008453432e-05
2.740810791015625000e+03 7.656110796837314815e-05
2.741000000000000000e+03 7.624911996063148362e-05
2.742000000000000000e+03 7.460125599243849596e-05
2.743000000000000000e+03 7.295335178676350151e-05
2.744000000000000000e+03 7.130671089891969891e-05
2.745000000000000000e+03 6.966005297740168831e-05
2.746000000000000000e+03 6.801403061180657681e-05
2.747000000000000000e+03 6.636923740038444021e-05
2.748000000000000000e+03 6.472447354366898443e-05
2.749000000000000000e+03 6.308091752369428197e-05
2.750000000000000000e+03 6.143741486757548908e-05
2.750812988281250000e+03 6.010221400430702728e-05
2.751000000000000000e+03 5.998700317177526795e-05
2.752000000000000000e+03 5.937054128947824192e-05
2.753000000000000000e+03 5.875431041031794007e-05
2.754000000000000000e+03 5.813882992181751912e-05
2.755000000000000000e+03 5.752306242066080124e-05
2.756000000000000000e+03 5.690802860047699223e-05
2.757000000000000000e+03 5.629271324530194719e-05
2.758000000000000000e+03 5.567763021276203090e-05
2.759000000000000000e+03 5.506327126690416013e-05
2.760000000000000000e+03 5.444864815256124921e-05
