1.990000000000000000e+03 3.298714080961594533e-03
1.990646362304687500e+03 3.378813065859505391e-03
1.991000000000000000e+03 3.439091314649527810e-03
1.992000000000000000e+03 3.610763026947455025e-03
1.993000000000000000e+03 3.784157810667656933e-03
1.994000000000000000e+03 3.959314969530858611e-03
1.995000000000000000e+03 4.136240568361523005e-03
1.996000000000000000e+03 4.314983179250794429e-03
1.997000000000000000e+03 4.495468409161463251e-03
1.998000000000000000e+03 4.677741706953298002e-03
1.999000000000000000e+03 4.861856997092937199e-03
2.000000000000000000e+03 5.047729521569697085e-03
2.000648193359375000e+03 5.156531154760060458e-03
2.001000000000000000e+03 5.239128367074695307e-03
2.002000000000000000e+03 5.474427941284052898e-03
2.003000000000000000e+03 5.710552905912804657e-03
2.004000000000000000e+03 5.947397482502496391e-03
2.005000000000000000e+03 6.185014384609212497e-03
2.006000000000000000e+03 6.423406281761835646e-03
2.007000000000000000e+03 6.662573796239661637e-03
2.008000000000000000e+03 6.902583901179875844e-03
2.009000000000000000e+03 7.143308018704600491e-03
2.010000000000000000e+03 7.384812439114496647e-03
2.010649902343750000e+03 7.542171466966150935e-03
2.011000000000000000e+03 7.655983598212512398e-03
2.012000000000000000e+03 7.981858600500376516e-03
2.013000000000000000e+03 8.308719528808943683e-03
2.014000000000000000e+03 8.636640103712492703e-03
2.015000000000000000e+03 8.965622093515770996e-03
2.016000000000000000e+03 9.295666216351902711e-03
2.017000000000000000e+03 9.626776310925684588e-03
2.018000000000000000e+03 9.959047792278113292e-03
2.019000000000000000e+03 1.029229628138593131e-02
2.020000000000000000e+03 1.062661386200517040e-02
2.020651733398437500e+03 1.084504648682151247e-02
2.021000000000000000e+03 1.099105655184785466e-02
2.022000000000000000e+03 1.141121314145563358e-02
2.023000000000000000e+03 1.183271932103806441e-02
2.024000000000000000e+03 1.225557594657823018e-02
2.025000000000000000e+03 1.267990841336099836e-02
2.026000000000000000e+03 1.310548080408621349e-02
2.027000000000000000e+03 1.353241024832403487e-02
2.028000000000000000e+03 1.396070200849814334e-02
2.029000000000000000e+03 1.439035685655609513e-02
2.030000000000000000e+03 1.482137704841691647e-02
2.030653442382812500e+03 1.510370482257139026e-02
2.031000000000000000e+03 1.527780563639923733e-02
2.032000000000000000e+03 1.578125238252358828e-02
2.033000000000000000e+03 1.628629506608895647e-02
2.034000000000000000e+03 1.679293632217330676e-02
2.035000000000000000e+03 1.730134098092620670e-02
2.036000000000000000e+03 1.781119206047751535e-02
2.037000000000000000e+03 1.832264964831228568e-02
2.038000000000000000e+03 1.883571639051236091e-02
2.039000000000000000e+03 1.935039275126336847e-02
2.040000000000000000e+03 1.986668569338798096e-02
2.040655273437500000e+03 2.020579267018695474e-02
2.041000000000000000e+03 2.039355508742323950e-02
2.042000000000000000e+03 2.093936850097178129e-02
2.043000000000000000e+03 2.148688139270740066e-02
2.044000000000000000e+03 2.203610134082621339e-02
2.045000000000000000e+03 2.258702877514675439e-02
2.046000000000000000e+03 2.313966649168371775e-02
2.047000000000000000e+03 2.369401461653640115e-02
2.048000000000000000e+03 2.425008123469319515e-02
2.049000000000000000e+03 2.480786654031255298e-02
2.050000000000000000e+03 2.536737334100392510e-02
2.050656982421875000e+03 2.573928960182118517e-02
2.051000000000000000e+03 2.592613914714218468e-02
2.052000000000000000e+03 2.647212285938932430e-02
2.053000000000000000e+03 2.701998267278657440e-02
2.054000000000000000e+03 2.756972231647950022e-02
2.055000000000000000e+03 2.812134235511775174e-02
2.056000000000000000e+03 2.867485280520152072e-02
2.057000000000000000e+03 2.923025430345062639e-02
2.058000000000000000e+03 2.978754724309800803e-02
2.059000000000000000e+03 3.034674202890039890e-02
2.060000000000000000e+03 3.090754665076717381e-02
2.060658935546875000e+03 3.127813271883005120e-02
2.061000000000000000e+03 3.144932201975517150e-02
2.062000000000000000e+03 3.195237513739840329e-02
2.063000000000000000e+03 3.245710730263683119e-02
2.064000000000000000e+03 3.296352907749489081e-02
2.065000000000000000e+03 3.347164017576451794e-02
2.066000000000000000e+03 3.398144391455303059e-02
2.067000000000000000e+03 3.449293973253346468e-02
2.068000000000000000e+03 3.500613866434990756e-02
2.069000000000000000e+03 3.552104021488465546e-02
2.070000000000000000e+03 3.603730705162162123e-02
2.070660888671875000e+03 3.637940608931691105e-02
2.071000000000000000e+03 3.653347357514747512e-02
2.072000000000000000e+03 3.698879202812245526e-02
2.073000000000000000e+03 3.744558712640990578e-02
2.074000000000000000e+03 3.790386173631381944e-02
2.075000000000000000e+03 3.836361441288183710e-02
2.076000000000000000e+03 3.882485660898384039e-02
2.077000000000000000e+03 3.928721581524655115e-02
2.078000000000000000e+03 3.975143281414023066e-02
2.079000000000000000e+03 4.021714370091879903e-02
2.080000000000000000e+03 4.068434679130432385e-02
2.080662841796875000e+03 4.099454829095305203e-02
2.081000000000000000e+03 4.112921676693950118e-02
2.082000000000000000e+03 4.152947399031935855e-02
2.083000000000000000e+03 4.193058615465771605e-02
2.084000000000000000e+03 4.233333883523001523e-02
2.085000000000000000e+03 4.273735179483235253e-02
2.086000000000000000e+03 4.314262271858089470e-02
2.087000000000000000e+03 4.354915400731142888e-02
2.088000000000000000e+03 4.395652836125681084e-02
2.089000000000000000e+03 4.436558373349305112e-02
2.090000000000000000e+03 4.477590668119114242e-02
2.090664794921875000e+03 4.504901776921697160e-02
2.091000000000000000e+03 4.517067452499433367e-02
2.092000000000000000e+03 4.553390804152179783e-02
2.093000000000000000e+03 4.589865856588744991e-02
2.094000000000000000e+03 4.626451233730070195e-02
2.095000000000000000e+03 4.663146630903300394e-02
2.096000000000000000e+03 4.699907943393603210e-02
2.097000000000000000e+03 4.736823126521816363e-02
2.098000000000000000e+03 4.773849477687006765e-02
2.099000000000000000e+03 4.810986677074296364e-02
2.100000000000000000e+03 4.848189241540714484e-02
2.100666748046875000e+03 4.878357277761639910e-02
2.101000000000000000e+03 4.892608957011813919e-02
2.102000000000000000e+03 4.935516286149416176e-02
2.103000000000000000e+03 4.978591380161313806e-02
2.104000000000000000e+03 5.021927745977053381e-02
2.105000000000000000e+03 5.065479527634465795e-02
2.106000000000000000e+03 5.109198680057078223e-02
2.107000000000000000e+03 5.153182829915465418e-02
2.108000000000000000e+03 5.197384346790778764e-02
2.109000000000000000e+03 5.241754528620806708e-02
2.110000000000000000e+03 5.286392326354059229e-02
2.110668701171875000e+03 5.316311465401199476e-02
2.111000000000000000e+03 5.330327200267241661e-02
2.112000000000000000e+03 5.372717164207115037e-02
2.113000000000000000e+03 5.415359865331068751e-02
2.114000000000000000e+03 5.458205721724847248e-02
2.115000000000000000e+03 5.501203564446682098e-02
2.116000000000000000e+03 5.544456505252122469e-02
2.117000000000000000e+03 5.587915014592032686e-02
2.118000000000000000e+03 5.631526100247471328e-02
2.119000000000000000e+03 5.675395913783871232e-02
2.120000000000000000e+03 5.719418692812526517e-02
2.120670654296875000e+03 5.749033156416698959e-02
2.121000000000000000e+03 5.763128909795009469e-02
2.122000000000000000e+03 5.806059966743257195e-02
2.123000000000000000e+03 5.849133783981298046e-02
2.124000000000000000e+03 5.892460525671035232e-02
2.125000000000000000e+03 5.935929698851381831e-02
2.126000000000000000e+03 5.979654400300010025e-02
2.127000000000000000e+03 6.023579145160760928e-02
2.128000000000000000e+03 6.067647484601765284e-02
2.129000000000000000e+03 6.111973631671583501e-02
2.130000000000000000e+03 6.156443012970378575e-02
2.130672607421875000e+03 6.186434750070225058e-02
2.131000000000000000e+03 6.200436217630560243e-02
2.132000000000000000e+03 6.243269829023655182e-02
2.133000000000000000e+03 6.286351443790662297e-02
2.134000000000000000e+03 6.329563891848395685e-02
2.135000000000000000e+03 6.373025494278512781e-02
2.136000000000000000e+03 6.416618901882321924e-02
2.137000000000000000e+03 6.460464050676076320e-02
2.138000000000000000e+03 6.504440558165636155e-02
2.139000000000000000e+03 6.548670691990249315e-02
2.140000000000000000e+03 6.593031706081040055e-02
2.140674560546875000e+03 6.623024597784793466e-02
2.141000000000000000e+03 6.636446128264227029e-02
2.142000000000000000e+03 6.677738906092152427e-02
2.143000000000000000e+03 6.719266651251849798e-02
2.144000000000000000e+03 6.760904105811145481e-02
2.145000000000000000e+03 6.802777472902234168e-02
2.146000000000000000e+03 6.844761472187815832e-02
2.147000000000000000e+03 6.886983858446761586e-02
2.148000000000000000e+03 6.929316286461154051e-02
2.149000000000000000e+03 6.971888825732242001e-02
2.150000000000000000e+03 7.014571568723548811e-02
2.150676513671875000e+03 7.043496996133194465e-02
2.151000000000000000e+03 7.056111303948300884e-02
2.152000000000000000e+03 7.095140815520770139e-02
2.153000000000000000e+03 7.134321597261712722e-02
2.154000000000000000e+03 7.173721288730187939e-02
2.155000000000000000e+03 7.213206154752331567e-02
2.156000000000000000e+03 7.252910639979576191e-02
2.157000000000000000e+03 7.292701169533147287e-02
2.158000000000000000e+03 7.332644944681983301e-02
2.159000000000000000e+03 7.372811441119968279e-02
2.160000000000000000e+03 7.413063268718898813e-02
2.160678710937500000e+03 7.440413047628921528e-02
2.161000000000000000e+03 7.451956374814792949e-02
2.162000000000000000e+03 7.487899213911911045e-02
2.163000000000000000e+03 7.523968750262527427e-02
2.164000000000000000e+03 7.560236095551924052e-02
2.165000000000000000e+03 7.596560293510910833e-02
2.166000000000000000e+03 7.633012124503965601e-02
2.167000000000000000e+03 7.669662850953849753e-02
2.168000000000000000e+03 7.706371219313652710e-02
2.169000000000000000e+03 7.743208161288614444e-02
2.170000000000000000e+03 7.780246809919602602e-02
2.170680664062500000e+03 7.805366568177535269e-02
2.171000000000000000e+03 7.815593343625197587e-02
2.172000000000000000e+03 7.847683566759745821e-02
2.173000000000000000e+03 7.879945487148164174e-02
2.174000000000000000e+03 7.912233912738850239e-02
2.175000000000000000e+03 7.944621627851629342e-02
2.176000000000000000e+03 7.977183473942775493e-02
2.177000000000000000e+03 8.009770734269096304e-02
2.178000000000000000e+03 8.042457058643252832e-02
2.179000000000000000e+03 8.075319972986731709e-02
2.180000000000000000e+03 8.108208080203824220e-02
2.180682861328125000e+03 8.130595847018828870e-02
2.181000000000000000e+03 8.139209439181907535e-02
2.182000000000000000e+03 8.166413453693140145e-02
2.183000000000000000e+03 8.193760482803483236e-02
2.184000000000000000e+03 8.221096796508403637e-02
2.185000000000000000e+03 8.248500689628736338e-02
2.186000000000000000e+03 8.275971373384173602e-02
2.187000000000000000e+03 8.303586561066372829e-02
2.188000000000000000e+03 8.331191446588687155e-02
2.189000000000000000e+03 8.358863493488472018e-02
2.190000000000000000e+03 8.386601892833968341e-02
2.190684814453125000e+03 8.405553702507710667e-02
2.191000000000000000e+03 8.413204587511542709e-02
2.192000000000000000e+03 8.437430992189259849e-02
2.193000000000000000e+03 8.461704123615892970e-02
2.194000000000000000e+03 8.486024045892676115e-02
2.195000000000000000e+03 8.510470285610312324e-02
2.196000000000000000e+03 8.534883254060585123e-02
2.197000000000000000e+03 8.559344152419784413e-02
2.198000000000000000e+03 8.583852099062563856e-02
2.199000000000000000e+03 8.608407158408502846e-02
2.200000000000000000e+03 8.633009394940900638e-02
2.200687011718750000e+03 8.648368349433231683e-02
2.201000000000000000e+03 8.654362879951842114e-02
2.202000000000000000e+03 8.673449503588659404e-02
2.203000000000000000e+03 8.692561043570283530e-02
2.204000000000000000e+03 8.711696546867435387e-02
2.205000000000000000e+03 8.730856021851499116e-02
2.206000000000000000e+03 8.750039476865686949e-02
2.207000000000000000e+03 8.769328706580156729e-02
2.208000000000000000e+03 8.788559342606994118e-02
2.209000000000000000e+03 8.807814957360543540e-02
2.210000000000000000e+03 8.827094585423626849e-02
2.210688964843750000e+03 8.840229759971378332e-02
2.211000000000000000e+03 8.845296310236284987e-02
2.212000000000000000e+03 8.861591601179896749e-02
2.213000000000000000e+03 8.877895981960617910e-02
2.214000000000000000e+03 8.894209422054760728e-02
2.215000000000000000e+03 8.910531890844479441e-02
2.216000000000000000e+03 8.926945553165842318e-02
2.217000000000000000e+03 8.943286129909404358e-02
2.218000000000000000e+03 8.959635642984357939e-02
2.219000000000000000e+03 8.975994061394521051e-02
2.220000000000000000e+03 8.992361354048863942e-02
2.220691162109375000e+03 9.003502693927989409e-02
2.221000000000000000e+03 9.007999445784446724e-02
2.222000000000000000e+03 9.022558899884372541e-02
2.223000000000000000e+03 9.037119650467081988e-02
2.224000000000000000e+03 9.051680646988122247e-02
2.225000000000000000e+03 9.066241837610253262e-02
2.226000000000000000e+03 9.080803170368598187e-02
2.227000000000000000e+03 9.095364593170482403e-02
2.228000000000000000e+03 9.109926053795228129e-02
2.229000000000000000e+03 9.124486488895103276e-02
2.230000000000000000e+03 9.139047866471461390e-02
2.230693115234375000e+03 9.145634059272553240e-02
2.231000000000000000e+03 9.148637045635567289e-02
2.232000000000000000e+03 9.158415167512894139e-02
2.233000000000000000e+03 9.168182142744263352e-02
2.234000000000000000e+03 9.177937935431436378e-02
2.235000000000000000e+03 9.187682509643058104e-02
2.236000000000000000e+03 9.197414810997897594e-02
2.237000000000000000e+03 9.207136839350174573e-02
2.238000000000000000e+03 9.216847541235659302e-02
2.239000000000000000e+03 9.226546880590530408e-02
2.240000000000000000e+03 9.236234821317808319e-02
2.240695312500000000e+03 9.242770329062860446e-02
2.241000000000000000e+03 9.245770702836951516e-02
2.242000000000000000e+03 9.255611465843253949e-02
2.243000000000000000e+03 9.265442059830004962e-02
2.244000000000000000e+03 9.275261426351361083e-02
2.245000000000000000e+03 9.285071584764303942e-02
2.246000000000000000e+03 9.294871477555943784e-02
2.247000000000000000e+03 9.304661072466796634e-02
2.248000000000000000e+03 9.314440337208096388e-02
2.249000000000000000e+03 9.324209239461815624e-02
2.250000000000000000e+03 9.333881042522530758e-02
2.250697509765625000e+03 9.340483346736984382e-02
2.251000000000000000e+03 9.343591900687037155e-02
2.252000000000000000e+03 9.353862280206522162e-02
2.253000000000000000e+03 9.364125796065318752e-02
2.254000000000000000e+03 9.374381388374299073e-02
2.255000000000000000e+03 9.384629030392910298e-02
2.256000000000000000e+03 9.394868695356430044e-02
2.257000000000000000e+03 9.405100356475956658e-02
2.258000000000000000e+03 9.415323986938371748e-02
2.259000000000000000e+03 9.425452077154629349e-02
2.260000000000000000e+03 9.435658436651776781e-02
2.260699707031250000e+03 9.442594343339107132e-02
2.261000000000000000e+03 9.446080084899707852e-02
2.262000000000000000e+03 9.457686238247449417e-02
2.263000000000000000e+03 9.469289841339934011e-02
2.264000000000000000e+03 9.480890876918607324e-02
2.265000000000000000e+03 9.492489327708533708e-02
2.266000000000000000e+03 9.503997021027427161e-02
2.267000000000000000e+03 9.515590150992603302e-02
2.268000000000000000e+03 9.527179592454755597e-02
2.269000000000000000e+03 9.538767430559866312e-02
2.270000000000000000e+03 9.550352597299469060e-02
2.270701904296875000e+03 9.558225733266045854e-02
2.271000000000000000e+03 9.562155918730454174e-02
2.272000000000000000e+03 9.575431188150657080e-02
2.273000000000000000e+03 9.588710059251272233e-02
2.274000000000000000e+03 9.601992524560457043e-02
2.275000000000000000e+03 9.615278576597637017e-02
2.276000000000000000e+03 9.628477916587424579e-02
2.277000000000000000e+03 9.641771003315988131e-02
2.278000000000000000e+03 9.655067654266553945e-02
2.279000000000000000e+03 9.668367861923694850e-02
2.280000000000000000e+03 9.681581929977846335e-02
2.280704101562500000e+03 9.690767578684815475e-02
2.281000000000000000e+03 9.694806215445733732e-02
2.282000000000000000e+03 9.708458176759980629e-02
2.283000000000000000e+03 9.722115127294500558e-02
2.284000000000000000e+03 9.735686904856874491e-02
2.285000000000000000e+03 9.749352626744814398e-02
2.286000000000000000e+03 9.763024396954052275e-02
2.287000000000000000e+03 9.776701137442804501e-02
2.288000000000000000e+03 9.790292213002230182e-02
2.289000000000000000e+03 9.803978761501026817e-02
2.290000000000000000e+03 9.817670266001693458e-02
2.290706298828125000e+03 9.827105938120711537e-02
2.291000000000000000e+03 9.831737254310070340e-02
2.292000000000000000e+03 9.847604987037512914e-02
2.293000000000000000e+03 9.863485060035516450e-02
2.294000000000000000e+03 9.879286073266378698e-02
2.295000000000000000e+03 9.895189614028647440e-02
2.296000000000000000e+03 9.911106598856955774e-02
2.297000000000000000e+03 9.926944123211797755e-02
2.298000000000000000e+03 9.942885696628785130e-02
2.299000000000000000e+03 9.958839641598594972e-02
2.300000000000000000e+03 9.974713724597528142e-02
2.300708496093750000e+03 9.981040917415766323e-02
2.301000000000000000e+03 9.983725957297508169e-02
2.302000000000000000e+03 9.992940760813620593e-02
2.303000000000000000e+03 1.000206900310365715e-01
2.304000000000000000e+03 1.001129554380072034e-01
2.305000000000000000e+03 1.002052689248313921e-01
2.306000000000000000e+03 1.002967255860110485e-01
2.307000000000000000e+03 1.003891676071220623e-01
2.308000000000000000e+03 1.004807402963527607e-01
2.309000000000000000e+03 1.005732999313381781e-01
2.310000000000000000e+03 1.006659187945092848e-01
2.310710449218750000e+03 1.007294726114454086e-01
2.311000000000000000e+03 1.007574941955969583e-01
2.312000000000000000e+03 1.008552454734296111e-01
2.313000000000000000e+03 1.009521335471299103e-01
2.314000000000000000e+03 1.010500225421712694e-01
2.315000000000000000e+03 1.011470467661935158e-01
2.316000000000000000e+03 1.012450624870582794e-01
2.317000000000000000e+03 1.013431587176252258e-01
2.318000000000000000e+03 1.014403878234955286e-01
2.319000000000000000e+03 1.015386221181516779e-01
2.320000000000000000e+03 1.016359877164395575e-01
2.320712890625000000e+03 1.017045666925270875e-01
2.321000000000000000e+03 1.017325684819113674e-01
2.322000000000000000e+03 1.018292027556448598e-01
2.323000000000000000e+03 1.019268444861732154e-01
2.324000000000000000e+03 1.020236132730552026e-01
2.325000000000000000e+03 1.021213912140345320e-01
2.326000000000000000e+03 1.022182946489518102e-01
2.327000000000000000e+03 1.023161977004923423e-01
2.328000000000000000e+03 1.024132359086948191e-01
2.329000000000000000e+03 1.025112866715132548e-01
2.330000000000000000e+03 1.026084597977760388e-01
2.330715087890625000e+03 1.026772419905983419e-01
2.331000000000000000e+03 1.027043405499407647e-01
2.332000000000000000e+03 1.027985455237395845e-01
2.333000000000000000e+03 1.028937613249124722e-01
2.334000000000000000e+03 1.029880913401030468e-01
2.335000000000000000e+03 1.030834338241632814e-01
2.336000000000000000e+03 1.031778889994862808e-01
2.337000000000000000e+03 1.032733582869789779e-01
2.338000000000000000e+03 1.033679387412470285e-01
2.339000000000000000e+03 1.034635236019587901e-01
2.340000000000000000e+03 1.035582294446073942e-01
2.340717285156250000e+03 1.036248844611528941e-01
2.341000000000000000e+03 1.036490575232512784e-01
2.342000000000000000e+03 1.037355467966118022e-01
2.343000000000000000e+03 1.038211281610094266e-01
2.344000000000000000e+03 1.039077138038527887e-01
2.345000000000000000e+03 1.039933901532213295e-01
2.346000000000000000e+03 1.040800722348838719e-01
2.347000000000000000e+03 1.041658436373041619e-01
2.348000000000000000e+03 1.042516622363594686e-01
2.349000000000000000e+03 1.043384887507205760e-01
2.350000000000000000e+03 1.044244025046739272e-01
2.350719482421875000e+03 1.044857231207366871e-01
2.351000000000000000e+03 1.045048749631406065e-01
2.352000000000000000e+03 1.045721973063822308e-01
2.353000000000000000e+03 1.046395368606892751e-01
2.354000000000000000e+03 1.047078458327540679e-01
2.355000000000000000e+03 1.047752203212424515e-01
2.356000000000000000e+03 1.048426119990078786e-01
2.357000000000000000e+03 1.049109861663495569e-01
2.358000000000000000e+03 1.049784127412828616e-01
2.359000000000000000e+03 1.050458564836300041e-01
2.360000000000000000e+03 1.051142843154575929e-01
2.360721679687500000e+03 1.051618076947626323e-01
2.361000000000000000e+03 1.051756418607091986e-01
2.362000000000000000e+03 1.052253411503966257e-01
2.363000000000000000e+03 1.052759982203256978e-01
2.364000000000000000e+03 1.053256770835564043e-01
2.365000000000000000e+03 1.053753455031204017e-01
2.366000000000000000e+03 1.054259727489620380e-01
2.367000000000000000e+03 1.054756205736952085e-01
2.368000000000000000e+03 1.055252578707350647e-01
2.369000000000000000e+03 1.055758434858106998e-01
2.370000000000000000e+03 1.056254600148612832e-01
2.370723876953125000e+03 1.056602782087429498e-01
2.371000000000000000e+03 1.056683048261308905e-01
2.372000000000000000e+03 1.056973473287465826e-01
2.373000000000000000e+03 1.057273197739657666e-01
2.374000000000000000e+03 1.057562793201556328e-01
2.375000000000000000e+03 1.057851972198642493e-01
2.376000000000000000e+03 1.058140734231038244e-01
2.377000000000000000e+03 1.058438801095512027e-01
2.378000000000000000e+03 1.058726729539823663e-01
2.379000000000000000e+03 1.059014239514141781e-01
2.380000000000000000e+03 1.059301330517571083e-01
2.380726074218750000e+03 1.059506764913847737e-01
2.381000000000000000e+03 1.059528724297374297e-01
2.382000000000000000e+03 1.059598692082622251e-01
2.383000000000000000e+03 1.059667923623818370e-01
2.384000000000000000e+03 1.059736418207641306e-01
2.385000000000000000e+03 1.059813903444252747e-01
2.386000000000000000e+03 1.059880921784622093e-01
2.387000000000000000e+03 1.059947201018937163e-01
2.388000000000000000e+03 1.060012740432560996e-01
2.389000000000000000e+03 1.060077423506560756e-01
2.390000000000000000e+03 1.060151208455216015e-01
2.390728515625000000e+03 1.060188739168311661e-01
2.391000000000000000e+03 1.060136002267721700e-01
2.392000000000000000e+03 1.059941041318881033e-01
2.393000000000000000e+03 1.059744967495249296e-01
2.394000000000000000e+03 1.059547779841238657e-01
2.395000000000000000e+03 1.059349477400853973e-01
2.396000000000000000e+03 1.059159772544507327e-01
2.397000000000000000e+03 1.058959235022258610e-01
2.398000000000000000e+03 1.058757579833412565e-01
2.399000000000000000e+03 1.058554806020351180e-01
2.400000000000000000e+03 1.058350912625049822e-01
2.400730712890625000e+03 1.057115875211880884e-01
2.401000000000000000e+03 1.056600259102923323e-01
2.402000000000000000e+03 1.054686145170485034e-01
2.403000000000000000e+03 1.052773026816170993e-01
2.404000000000000000e+03 1.050870536801340044e-01
2.405000000000000000e+03 1.048959396974971092e-01
2.406000000000000000e+03 1.047049258419335133e-01
2.407000000000000000e+03 1.045140123029882906e-01
2.408000000000000000e+03 1.043231992703050476e-01
2.409000000000000000e+03 1.041324869336255204e-01
2.410000000000000000e+03 1.039418754827897140e-01
2.410732910156250000e+03 1.038015753211368047e-01
2.411000000000000000e+03 1.037435988646646656e-01
2.412000000000000000e+03 1.035266198868577681e-01
2.413000000000000000e+03 1.033097804058504543e-01
2.414000000000000000e+03 1.030930806527206312e-01
2.415000000000000000e+03 1.028765096446748462e-01
2.416000000000000000e+03 1.026610299811095139e-01
2.417000000000000000e+03 1.024447487663470574e-01
2.418000000000000000e+03 1.022286082065015644e-01
2.419000000000000000e+03 1.020126085332135474e-01
2.420000000000000000e+03 1.017967499782358454e-01
2.420735107421875000e+03 1.016376230518207385e-01
2.421000000000000000e+03 1.015760843861913953e-01
2.422000000000000000e+03 1.013438743235798717e-01
2.423000000000000000e+03 1.011118312505857320e-01
2.424000000000000000e+03 1.008799554230609963e-01
2.425000000000000000e+03 1.006482470969754517e-01
2.426000000000000000e+03 1.004167065284165550e-01
2.427000000000000000e+03 1.001853339735897241e-01
2.428000000000000000e+03 9.995412968881817184e-02
2.429000000000000000e+03 9.972309393054293314e-02
2.430000000000000000e+03 9.949222695532282390e-02
2.430737548828125000e+03 9.931127014058295510e-02
2.431000000000000000e+03 9.923983936305726117e-02
2.432000000000000000e+03 9.896785247553548104e-02
2.433000000000000000e+03 9.869615244694918132e-02
2.434000000000000000e+03 9.842473945805844948e-02
2.435000000000000000e+03 9.815361368964642397e-02
2.436000000000000000e+03 9.788188062683558788e-02
2.437000000000000000e+03 9.761133238808222812e-02
2.438000000000000000e+03 9.734107190924745634e-02
2.439000000000000000e+03 9.707109937120587950e-02
2.440000000000000000e+03 9.680141495485515557e-02
2.440739746093750000e+03 9.660177865887767390e-02
2.441000000000000000e+03 9.652913429076885599e-02
2.442000000000000000e+03 9.625019905549932198e-02
2.443000000000000000e+03 9.597157119018091820e-02
2.444000000000000000e+03 9.569325088083299735e-02
2.445000000000000000e+03 9.541523831349590923e-02
2.446000000000000000e+03 9.513753367423063989e-02
2.447000000000000000e+03 9.486013714911908923e-02
2.448000000000000000e+03 9.458218523325727378e-02
2.449000000000000000e+03 9.430540809288813497e-02
2.450000000000000000e+03 9.402893962179874332e-02
2.450742187500000000e+03 9.382369140901120064e-02
2.451000000000000000e+03 9.374792465265480157e-02
2.452000000000000000e+03 9.345425647899106847e-02
2.453000000000000000e+03 9.316093032273767283e-02
2.454000000000000000e+03 9.286794638331194451e-02
2.455000000000000000e+03 9.257530486015068394e-02
2.456000000000000000e+03 9.228216380995260537e-02
2.457000000000000000e+03 9.199021045084977699e-02
2.458000000000000000e+03 9.169860010286151608e-02
2.459000000000000000e+03 9.140733296550201947e-02
2.460000000000000000e+03 9.111640923830507943e-02
2.460744384765625000e+03 9.089991511344834574e-02
2.461000000000000000e+03 9.082126377058562239e-02
2.462000000000000000e+03 9.051297970589133879e-02
2.463000000000000000e+03 9.020589986782553971e-02
2.464000000000000000e+03 8.989919599853007925e-02
2.465000000000000000e+03 8.959286831136548113e-02
2.466000000000000000e+03 8.928691701971132322e-02
2.467000000000000000e+03 8.898053104122689849e-02
2.468000000000000000e+03 8.867533602972967055e-02
2.469000000000000000e+03 8.837051805009053795e-02
2.470000000000000000e+03 8.806607731576379661e-02
2.470746582031250000e+03 8.783896666713804369e-02
2.471000000000000000e+03 8.775917122692088179e-02
2.472000000000000000e+03 8.744374688441980403e-02
2.473000000000000000e+03 8.712952059695452944e-02
2.474000000000000000e+03 8.681569268967838371e-02
2.475000000000000000e+03 8.650226338532990278e-02
2.476000000000000000e+03 8.618844763310475054e-02
2.477000000000000000e+03 8.587581911536779078e-02
2.478000000000000000e+03 8.556358986477209660e-02
2.479000000000000000e+03 8.525176010412996441e-02
2.480000000000000000e+03 8.493955640788489192e-02
2.480749023437500000e+03 8.470656352662141175e-02
2.481000000000000000e+03 8.462664007595013804e-02
2.482000000000000000e+03 8.430844916533750122e-02
2.483000000000000000e+03 8.398990760197685979e-02
2.484000000000000000e+03 8.367254820435579554e-02
2.485000000000000000e+03 8.335560342850617532e-02
2.486000000000000000e+03 8.303831753097049018e-02
2.487000000000000000e+03 8.272220562955162615e-02
2.488000000000000000e+03 8.240650903709434427e-02
2.489000000000000000e+03 8.209122798411999655e-02
2.490000000000000000e+03 8.177561845957399822e-02
2.490751220703125000e+03 8.153944286636491401e-02
2.491000000000000000e+03 8.145864370965413825e-02
2.492000000000000000e+03 8.113413288814845525e-02
2.493000000000000000e+03 8.080932205151158954e-02
2.494000000000000000e+03 8.048568499417096955e-02
2.495000000000000000e+03 8.016248367619013826e-02
2.496000000000000000e+03 7.983899206721120634e-02
2.497000000000000000e+03 7.951666594738301952e-02
2.498000000000000000e+03 7.919405599564136033e-02
2.499000000000000000e+03 7.887260602718257352e-02
2.500000000000000000e+03 7.855159300297914760e-02
2.500753662109375000e+03 7.829585240092799825e-02
2.501000000000000000e+03 7.821040904585305209e-02
2.502000000000000000e+03 7.786461772021112393e-02
2.503000000000000000e+03 7.751938987251577595e-02
2.504000000000000000e+03 7.717402422067741463e-02
2.505000000000000000e+03 7.682992744043248834e-02
2.506000000000000000e+03 7.648569983285942453e-02
2.507000000000000000e+03 7.614273533271108396e-02
2.508000000000000000e+03 7.580033584326660578e-02
2.509000000000000000e+03 7.545781595235005745e-02
2.510000000000000000e+03 7.511655056801588848e-02
2.510756103515625000e+03 7.485853251432290911e-02
2.511000000000000000e+03 7.477341328190514891e-02
2.512000000000000000e+03 7.442545899502582551e-02
2.513000000000000000e+03 7.407741547712136387e-02
2.514000000000000000e+03 7.373063219516945432e-02
2.515000000000000000e+03 7.338443329291877149e-02
2.516000000000000000e+03 7.303815572289082403e-02
2.517000000000000000e+03 7.269312973904122621e-02
2.518000000000000000e+03 7.234803209861966067e-02
2.519000000000000000e+03 7.200418030523150770e-02
2.520000000000000000e+03 7.166026384324897247e-02
2.520758300781250000e+03 7.140051178245795938e-02
2.521000000000000000e+03 7.131547143152683343e-02
2.522000000000000000e+03 7.096336082017712377e-02
2.523000000000000000e+03 7.061250569762846097e-02
2.524000000000000000e+03 7.026162117295682574e-02
2.525000000000000000e+03 6.991198633298131848e-02
2.526000000000000000e+03 6.956233672822573211e-02
2.527000000000000000e+03 6.921391599708617837e-02
2.528000000000000000e+03 6.886549503799445360e-02
2.529000000000000000e+03 6.851830475109099705e-02
2.530000000000000000e+03 6.817110635493664472e-02
2.530760498046875000e+03 6.790808285681496081e-02
2.531000000000000000e+03 6.782343160480737432e-02
2.532000000000000000e+03 6.746976204474788852e-02
2.533000000000000000e+03 6.711733652176155029e-02
2.534000000000000000e+03 6.676493454498207136e-02
2.535000000000000000e+03 6.641377081420087036e-02
2.536000000000000000e+03 6.606263780011936704e-02
2.537000000000000000e+03 6.571214139558917422e-02
2.538000000000000000e+03 6.536287459438606950e-02
2.539000000000000000e+03 6.501364921598681845e-02
2.540000000000000000e+03 6.466564771260710498e-02
2.540762939453125000e+03 6.440023763203282792e-02
2.541000000000000000e+03 6.431673910060030364e-02
2.542000000000000000e+03 6.396549544065427417e-02
2.543000000000000000e+03 6.361431736770581380e-02
2.544000000000000000e+03 6.326378826886179529e-02
2.545000000000000000e+03 6.291447864415451730e-02
2.546000000000000000e+03 6.256524533625257289e-02
2.547000000000000000e+03 6.221722580256871388e-02
2.548000000000000000e+03 6.186928970945723000e-02
2.549000000000000000e+03 6.152200435120126765e-02
2.550000000000000000e+03 6.117592426207140582e-02
2.550765380859375000e+03 6.091114069552244770e-02
2.551000000000000000e+03 6.082953742233264405e-02
2.552000000000000000e+03 6.048213730575598135e-02
2.553000000000000000e+03 6.013593164621140741e-02
2.554000000000000000e+03 5.978983490570288772e-02
2.555000000000000000e+03 5.944493356015013996e-02
2.556000000000000000e+03 5.910014820686899928e-02
2.557000000000000000e+03 5.875602066887782721e-02
2.558000000000000000e+03 5.841308013851435194e-02
2.559000000000000000e+03 5.807026615930302449e-02
2.560000000000000000e+03 5.772811107172204359e-02
2.560767578125000000e+03 5.746641561810357512e-02
2.561000000000000000e+03 5.738538413961068868e-02
2.562000000000000000e+03 5.703664265724565224e-02
2.563000000000000000e+03 5.668858029973505158e-02
2.564000000000000000e+03 5.634119743887438386e-02
2.565000000000000000e+03 5.599500112478165287e-02
2.566000000000000000e+03 5.564897520532406661e-02
2.567000000000000000e+03 5.530362990477821761e-02
2.568000000000000000e+03 5.495946279087323555e-02
2.569000000000000000e+03 5.461547669650146375e-02
2.570000000000000000e+03 5.427217234370357996e-02
2.570770019531250000e+03 5.400836687425143029e-02
2.571000000000000000e+03 5.392968239931490715e-02
2.572000000000000000e+03 5.358844458210049871e-02
2.573000000000000000e+03 5.324740029000221003e-02
2.574000000000000000e+03 5.290703767287943671e-02
2.575000000000000000e+03 5.256783241724793942e-02
2.576000000000000000e+03 5.222883117865752267e-02
2.577000000000000000e+03 5.189051274964081445e-02
2.578000000000000000e+03 5.155287750628305410e-02
2.579000000000000000e+03 5.121638877779266519e-02
2.580000000000000000e+03 5.088011796137835441e-02
2.580772460937500000e+03 5.062092193149597685e-02
2.581000000000000000e+03 5.054503289557955859e-02
2.582000000000000000e+03 5.021192860183275319e-02
2.583000000000000000e+03 4.987950337749461754e-02
2.584000000000000000e+03 4.954820530985967059e-02
2.585000000000000000e+03 4.921713633743522026e-02
2.586000000000000000e+03 4.888674757776829277e-02
2.587000000000000000e+03 4.855704463199144588e-02
2.588000000000000000e+03 4.822801739918820135e-02
2.589000000000000000e+03 4.790010417280866212e-02
2.590000000000000000e+03 4.757243702860350365e-02
2.590774902343750000e+03 4.731906949463455386e-02
2.591000000000000000e+03 4.724484954039138290e-02
2.592000000000000000e+03 4.691554857748200802e-02
2.593000000000000000e+03 4.658693746586598655e-02
2.594000000000000000e+03 4.625901659363627211e-02
2.595000000000000000e+03 4.593220104701488393e-02
2.596000000000000000e+03 4.560565884016606897e-02
2.597000000000000000e+03 4.527980804395871639e-02
2.598000000000000000e+03 4.495464904669122658e-02
2.599000000000000000e+03 4.463018223671292445e-02
2.600000000000000000e+03 4.430640800242385130e-02
2.600777099609375000e+03 4.405035473743214303e-02
2.601000000000000000e+03 4.397706034393484426e-02
2.602000000000000000e+03 4.364909656371300517e-02
2.603000000000000000e+03 4.332150221362256887e-02
2.604000000000000000e+03 4.299467459838282601e-02
2.605000000000000000e+03 4.266861414842545303e-02
2.606000000000000000e+03 4.234332129423990648e-02
2.607000000000000000e+03 4.201879646637330518e-02
2.608000000000000000e+03 4.169504009543043704e-02
2.609000000000000000e+03 4.137205261207376611e-02
2.610000000000000000e+03 4.104983444702337697e-02
2.610779541015625000e+03 4.079923895433706926e-02
2.611000000000000000e+03 4.073102711155245081e-02
2.612000000000000000e+03 4.042206638108907651e-02
2.613000000000000000e+03 4.011420112060138515e-02
2.614000000000000000e+03 3.980670555831031937e-02
2.615000000000000000e+03 3.949994884846811521e-02
2.616000000000000000e+03 3.919392289452154621e-02
2.617000000000000000e+03 3.888863238436843922e-02
2.618000000000000000e+03 3.858407773339442987e-02
2.619000000000000000e+03 3.828025935704213595e-02
2.620000000000000000e+03 3.797717767081134482e-02
2.620781982421875000e+03 3.774074102887899768e-02
2.621000000000000000e+03 3.767445093796832623e-02
2.622000000000000000e+03 3.737084494750093216e-02
2.623000000000000000e+03 3.706798224466175545e-02
2.624000000000000000e+03 3.676586325295320284e-02
2.625000000000000000e+03 3.646448839593784130e-02
2.626000000000000000e+03 3.616386197545800457e-02
2.627000000000000000e+03 3.586397662631970323e-02
2.628000000000000000e+03 3.556483668300636225e-02
2.629000000000000000e+03 3.526644256932024574e-02
2.630000000000000000e+03 3.496879470912349352e-02
2.630784179687500000e+03 3.473720697681922237e-02
2.631000000000000000e+03 3.467436089900821639e-02
2.632000000000000000e+03 3.438359482155772112e-02
2.633000000000000000e+03 3.409353684114960203e-02
2.634000000000000000e+03 3.380418747150213538e-02
2.635000000000000000e+03 3.351554722651657603e-02
2.636000000000000000e+03 3.322761662027708812e-02
2.637000000000000000e+03 3.294039969679182778e-02
2.638000000000000000e+03 3.265388988007663501e-02
2.639000000000000000e+03 3.236809124553913231e-02
2.640000000000000000e+03 3.208300430799586322e-02
2.640786621093750000e+03 3.185906523003695368e-02
2.641000000000000000e+03 3.180021891606528428e-02
2.642000000000000000e+03 3.152513803575185403e-02
2.643000000000000000e+03 3.125074257605242600e-02
2.644000000000000000e+03 3.097703303695359400e-02
2.645000000000000000e+03 3.070400991862151999e-02
2.646000000000000000e+03 3.043167372140172591e-02
2.647000000000000000e+03 3.016002817533509905e-02
2.648000000000000000e+03 2.988906729285041586e-02
2.649000000000000000e+03 2.961879483366988003e-02
2.650000000000000000e+03 2.934921129885737293e-02
2.650789062500000000e+03 2.913701074098000096e-02
2.651000000000000000e+03 2.908312955397470562e-02
2.652000000000000000e+03 2.882782544910153510e-02
2.653000000000000000e+03 2.857343037234268482e-02
2.654000000000000000e+03 2.831968328027642881e-02
2.655000000000000000e+03 2.806658464747713994e-02
2.656000000000000000e+03 2.781413494869052275e-02
2.657000000000000000e+03 2.756233760809765829e-02
2.658000000000000000e+03 2.731118717517532282e-02
2.659000000000000000e+03 2.706044390733158139e-02
2.660000000000000000e+03 2.681059693123437684e-02
2.660791503906250000e+03 2.661332811432986015e-02
2.661000000000000000e+03 2.656302602067600258e-02
2.662000000000000000e+03 2.632214290061071077e-02
2.663000000000000000e+03 2.608188642488968451e-02
2.664000000000000000e+03 2.584225705392698830e-02
2.665000000000000000e+03 2.560302524896559268e-02
2.666000000000000000e+03 2.536465633954082186e-02
2.667000000000000000e+03 2.512691317314779543e-02
2.668000000000000000e+03 2.488979894895355580e-02
2.669000000000000000e+03 2.465331412820492146e-02
2.670000000000000000e+03 2.441723990195583324e-02
2.670793701171875000e+03 2.423051770487624074e-02
2.671000000000000000e+03 2.418257947264441585e-02
2.672000000000000000e+03 2.395058166814386172e-02
2.673000000000000000e+03 2.371920589684105643e-02
2.674000000000000000e+03 2.348845261722556574e-02
2.675000000000000000e+03 2.325811598530295315e-02
2.676000000000000000e+03 2.302861111558601043e-02
2.677000000000000000e+03 2.279973010820186136e-02
2.678000000000000000e+03 2.257147342230654899e-02
2.679000000000000000e+03 2.234364099396215705e-02
2.680000000000000000e+03 2.211663638066620891e-02
2.680796142578125000e+03 2.193637893798750654e-02
2.681000000000000000e+03 2.189161377643090295e-02
2.682000000000000000e+03 2.167238647720208522e-02
2.683000000000000000e+03 2.145357277867142656e-02
2.684000000000000000e+03 2.123555545448615328e-02
2.685000000000000000e+03 2.101814280911330421e-02
2.686000000000000000e+03 2.080114869963454668e-02
2.687000000000000000e+03 2.058494870539763488e-02
2.688000000000000000e+03 2.036935472551616721e-02
2.689000000000000000e+03 2.015436720740134899e-02
2.690000000000000000e+03 1.993980778480962737e-02
2.690798583984375000e+03 1.976906290793935261e-02
2.691000000000000000e+03 1.972851871128664114e-02
2.692000000000000000e+03 1.952756432114511470e-02
2.693000000000000000e+03 1.932699971475316039e-02
2.694000000000000000e+03 1.912717578668997678e-02
2.695000000000000000e+03 1.892791786464574980e-02
2.696000000000000000e+03 1.872905848127215042e-02
2.697000000000000000e+03 1.853093561836041681e-02
2.698000000000000000e+03 1.833338001566702305e-02
2.699000000000000000e+03 1.813622955387503982e-02
2.700000000000000000e+03 1.793981341796931778e-02
2.700801025390625000e+03 1.780562809336791799e-02
2.701000000000000000e+03 1.777478858974766013e-02
2.702000000000000000e+03 1.761967051544452781e-02
2.703000000000000000e+03 1.746476507590740551e-02
2.704000000000000000e+03 1.730975797932587240e-02
2.705000000000000000e+03 1.715496084841854410e-02
2.706000000000000000e+03 1.700021727027085927e-02
2.707000000000000000e+03 1.684537821828636234e-02
2.708000000000000000e+03 1.669074332106433578e-02
2.709000000000000000e+03 1.653616217220587811e-02
2.710000000000000000e+03 1.638148813426221206e-02
2.710803466796875000e+03 1.625738159237117425e-02
2.711000000000000000e+03 1.622856222134479512e-02
2.712000000000000000e+03 1.608180993462769715e-02
2.713000000000000000e+03 1.593525383106527901e-02
2.714000000000000000e+03 1.578860897725266679e-02
2.715000000000000000e+03 1.564215608645942029e-02
2.716000000000000000e+03 1.549575424223189127e-02
2.717000000000000000e+03 1.534926611314377590e-02
2.718000000000000000e+03 1.520296786856361292e-02
2.719000000000000000e+03 1.505658610125880890e-02
2.720000000000000000e+03 1.491039170357021104e-02
2.720805908203125000e+03 1.479251104849319334e-02
2.721000000000000000e+03 1.476632515351981520e-02
2.722000000000000000e+03 1.463157216044371281e-02
2.723000000000000000e+03 1.449673494574163328e-02
2.724000000000000000e+03 1.436207577528728768e-02
2.725000000000000000e+03 1.422746378165146153e-02
2.726000000000000000e+03 1.409277295246136839e-02
2.727000000000000000e+03 1.395825669801174090e-02
2.728000000000000000e+03 1.382366414692721458e-02
2.729000000000000000e+03 1.368924531803769780e-02
2.730000000000000000e+03 1.355475125716701888e-02
2.730808349609375000e+03 1.344617568088208107e-02
2.731000000000000000e+03 1.342119056414059486e-02
2.732000000000000000e+03 1.329073086516880352e-02
2.733000000000000000e+03 1.316043713110033250e-02
2.734000000000000000e+03 1.303007289563851666e-02
2.735000000000000000e+03 1.289987238960673549e-02
2.736000000000000000e+03 1.276960519748649402e-02
2.737000000000000000e+03 1.263938514303736965e-02
2.738000000000000000e+03 1.250932546904057023e-02
2.739000000000000000e+03 1.237920142992308611e-02
2.740000000000000000e+03 1.224923554180948511e-02
2.740810791015625000e+03 1.214381638013960901e-02
2.741000000000000000e+03 1.212155660852937654e-02
2.742000000000000000e+03 1.200404336084229598e-02
2.743000000000000000e+03 1.188646675529882873e-02
2.744000000000000000e+03 1.176903778364684662e-02
2.745000000000000000e+03 1.165154640469364192e-02
2.746000000000000000e+03 1.153409888071048328e-02
2.747000000000000000e+03 1.141679724991789303e-02
2.748000000000000000e+03 1.129943653026809457e-02
2.749000000000000000e+03 1.118222088393363255e-02
2.750000000000000000e+03 1.106494715710777156e-02
2.750812988281250000e+03 1.096972447360168752e-02
2.751000000000000000e+03 1.094739665988154684e-02
2.752000000000000000e+03 1.082793273588149134e-02
2.753000000000000000e+03 1.070851373013697455e-02
2.754000000000000000e+03 1.058923424550119868e-02
2.755000000000000000e+03 1.046990527073333663e-02
2.756000000000000000e+03 1.035071265186696815e-02
2.757000000000000000e+03 1.023147167580963982e-02
2.758000000000000000e+03 1.011227587415947093e-02
2.759000000000000000e+03 9.993214498547085822e-03
2.760000000000000000e+03 9.874108130308135306e-03
2.760815673828125000e+03 9.776997226104864810e-03
2.761000000000000000e+03 9.757476766170477059e-03
2.762000000000000000e+03 9.651683800941392513e-03
2.763000000000000000e+03 9.545843748323996555e-03
2.764000000000000000e+03 9.440043739294070799e-03
2.765000000000000000e+03 9.334367106328332955e-03
2.766000000000000000e+03 9.228646372658518698e-03
2.767000000000000000e+03 9.122966788649083253e-03
2.768000000000000000e+03 9.017406893795969908e-03
2.769000000000000000e+03 8.911805880811687550e-03
2.770000000000000000e+03 8.806245185864335079e-03
2.770818115234375000e+03 8.719981620116386972e-03
2.771000000000000000e+03 8.705723267686250183e-03
2.772000000000000000e+03 8.627270680126013919e-03
2.773000000000000000e+03 8.548847592475945084e-03
2.774000000000000000e+03 8.470530472546505818e-03
2.775000000000000000e+03 8.392165774136241263e-03
2.776000000000000000e+03 8.313830677283433682e-03
2.777000000000000000e+03 8.235525215779576982e-03
2.778000000000000000e+03 8.157322146496521348e-03
2.779000000000000000e+03 8.079075355057680971e-03
2.780000000000000000e+03 8.000859149816293842e-03
2.780820312500000000e+03 7.936721066762764468e-03
2.781000000000000000e+03 7.923164321966989429e-03
2.782000000000000000e+03 7.847804941214123892e-03
2.783000000000000000e+03 7.772403623232906032e-03
2.784000000000000000e+03 7.697031023054710062e-03
2.785000000000000000e+03 7.621687981939725964e-03
2.786000000000000000e+03 7.546440149779569569e-03
2.787000000000000000e+03 7.471153216344503419e-03
2.788000000000000000e+03 7.395895132005956933e-03
2.789000000000000000e+03 7.320665929534482010e-03
2.790000000000000000e+03 7.245530186102105107e-03
2.790822998046875000e+03 7.183666198856602202e-03
2.791000000000000000e+03 7.168906955281564852e-03
2.792000000000000000e+03 7.085540527865764535e-03
2.793000000000000000e+03 7.002206363453095279e-03
2.794000000000000000e+03 6.918904498664620907e-03
2.795000000000000000e+03 6.835695844155879886e-03
2.796000000000000000e+03 6.752457943536978487e-03
2.797000000000000000e+03 6.669253159833214359e-03
2.798000000000000000e+03 6.586080106951264050e-03
2.799000000000000000e+03 6.502939537408568282e-03
2.800000000000000000e+03 6.419888640743131626e-03
2.800825195312500000e+03 6.355135616882550721e-03
2.801000000000000000e+03 6.345022024571723637e-03
2.802000000000000000e+03 6.287129410562570728e-03
2.803000000000000000e+03 6.229173534075435961e-03
2.804000000000000000e+03 6.171155036097098617e-03
2.805000000000000000e+03 6.113073885189822601e-03
2.806000000000000000e+03 6.054983933583709364e-03
2.807000000000000000e+03 5.996776861158417682e-03
2.808000000000000000e+03 5.938507669991727883e-03
2.809000000000000000e+03 5.880175064278978479e-03
2.810000000000000000e+03 5.821779647798402610e-03
2.810827880859375000e+03 5.773390013569400583e-03
2.811000000000000000e+03 5.761020986130394733e-03
2.812000000000000000e+03 5.689112771502915882e-03
2.813000000000000000e+03 5.617128267376396075e-03
2.814000000000000000e+03 5.545115559226090549e-03
2.815000000000000000e+03 5.472975923623747511e-03
2.816000000000000000e+03 5.400759287411096427e-03
2.817000000000000000e+03 5.328465612005614700e-03
2.818000000000000000e+03 5.256095415229245643e-03
2.819000000000000000e+03 5.183647537937760737e-03
2.820000000000000000e+03 5.111122505624799035e-03
2.820830078125000000e+03 5.050863135376939747e-03
2.821000000000000000e+03 5.040071969642850522e-03
2.822000000000000000e+03 4.976525683971136545e-03
2.823000000000000000e+03 4.912912102550742385e-03
2.824000000000000000e+03 4.849230144774771545e-03
2.825000000000000000e+03 4.785480303337705590e-03
2.826000000000000000e+03 4.721662544232921484e-03
2.827000000000000000e+03 4.657776833442951563e-03
2.828000000000000000e+03 4.593863961423117447e-03
2.829000000000000000e+03 4.529842152920419453e-03
2.830000000000000000e+03 4.465751804069153716e-03
2.830832519531250000e+03 4.411956310307833980e-03
2.831000000000000000e+03 4.409148792463784584e-03
2.832000000000000000e+03 4.392376767708575450e-03
2.833000000000000000e+03 4.375590179830132070e-03
2.834000000000000000e+03 4.358788097463706102e-03
2.835000000000000000e+03 4.341970981163780982e-03
2.836000000000000000e+03 4.325138826910750883e-03
2.837000000000000000e+03 4.308291630684972680e-03
2.838000000000000000e+03 4.291429842194729137e-03
2.839000000000000000e+03 4.274552548151927533e-03
2.840000000000000000e+03 4.257660200075878525e-03
2.840835205078125000e+03 4.243540644369201732e-03
2.841000000000000000e+03 4.234928748361850570e-03
2.842000000000000000e+03 4.182644752654173480e-03
2.843000000000000000e+03 4.130316997232734953e-03
2.844000000000000000e+03 4.077944591764229645e-03
2.845000000000000000e+03 4.025527966710394992e-03
2.846000000000000000e+03 3.973031842232765433e-03
2.847000000000000000e+03 3.920527211280486202e-03
2.848000000000000000e+03 3.867978734819713105e-03
2.849000000000000000e+03 3.815385578199512705e-03
2.850000000000000000e+03 3.762748144049873379e-03
2.850837646484375000e+03 3.718623017758933107e-03
2.851000000000000000e+03 3.715162448359190638e-03
2.852000000000000000e+03 3.693836661249001556e-03
2.853000000000000000e+03 3.672492742379779036e-03
2.854000000000000000e+03 3.651129908692303614e-03
2.855000000000000000e+03 3.629748545478535520e-03
2.856000000000000000e+03 3.608348647820945262e-03
2.857000000000000000e+03 3.586930210801963018e-03
2.858000000000000000e+03 3.565493606015377511e-03
2.859000000000000000e+03 3.544038073231886490e-03
2.860000000000000000e+03 3.522532744046772638e-03
2.860840087890625000e+03 3.504477947880782311e-03
2.861000000000000000e+03 3.493059913460214334e-03
2.862000000000000000e+03 3.421623844350774133e-03
2.863000000000000000e+03 3.350127920089629539e-03
2.864000000000000000e+03 3.278572493881583630e-03
2.865000000000000000e+03 3.206957550134170720e-03
2.866000000000000000e+03 3.135283073254853999e-03
2.867000000000000000e+03 3.063549370980165470e-03
2.868000000000000000e+03 2.991729251935603285e-03
2.869000000000000000e+03 2.919876713074915156e-03
2.870000000000000000e+03 2.847964579155106823e-03
2.870842529296875000e+03 2.787330085448187344e-03
2.871000000000000000e+03 2.783347047580621118e-03
2.872000000000000000e+03 2.758040524350419218e-03
2.873000000000000000e+03 2.732712579947094243e-03
2.874000000000000000e+03 2.707339217028567006e-03
2.875000000000000000e+03 2.681968639700330320e-03
2.876000000000000000e+03 2.656576904708867187e-03
2.877000000000000000e+03 2.631163443279001344e-03
2.878000000000000000e+03 2.605728532706405327e-03
2.879000000000000000e+03 2.580272167365074698e-03
2.880000000000000000e+03 2.554771979558556616e-03
2.880844970703125000e+03 2.533226725709678950e-03
2.881000000000000000e+03 2.528997097014938460e-03
2.882000000000000000e+03 2.501701100306496887e-03
2.883000000000000000e+03 2.474382196991132404e-03
2.884000000000000000e+03 2.447040381086395665e-03
2.885000000000000000e+03 2.419654473599071667e-03
2.886000000000000000e+03 2.392267055515150641e-03
2.887000000000000000e+03 2.364856707065174021e-03
2.888000000000000000e+03 2.337423422266617003e-03
2.889000000000000000e+03 2.309946986939140877e-03
2.890000000000000000e+03 2.282468053126123029e-03
2.890847412109375000e+03 2.259164424735793115e-03
2.891000000000000000e+03 2.255963843859011032e-03
2.892000000000000000e+03 2.234978343330020108e-03
2.893000000000000000e+03 2.213955822022114096e-03
2.894000000000000000e+03 2.192935187981905239e-03
2.895000000000000000e+03 2.171896887876127204e-03
2.896000000000000000e+03 2.150840917089742472e-03
2.897000000000000000e+03 2.129748423765867333e-03
2.898000000000000000e+03 2.108657507709579132e-03
2.899000000000000000e+03 2.087548682887215359e-03
2.900000000000000000e+03 2.066403885614392227e-03
2.900849853515625000e+03 2.049156627564025380e-03
2.901000000000000000e+03 2.046289854510272184e-03
2.902000000000000000e+03 2.027177506032199882e-03
2.903000000000000000e+03 2.008031221822147855e-03
2.904000000000000000e+03 1.988833614105077734e-03
2.905000000000000000e+03 1.969620029332709923e-03
2.906000000000000000e+03 1.950372898805314377e-03
2.907000000000000000e+03 1.931074720392792366e-03
2.908000000000000000e+03 1.911760020893670670e-03
2.909000000000000000e+03 1.892411539355555537e-03
2.910000000000000000e+03 1.873012900031782030e-03
2.910852294921875000e+03 1.856466965432166044e-03
2.911000000000000000e+03 1.854244922527610844e-03
2.912000000000000000e+03 1.839185837082936079e-03
2.913000000000000000e+03 1.824083949765248000e-03
2.914000000000000000e+03 1.808971831355855181e-03
2.915000000000000000e+03 1.793832829868843111e-03
2.916000000000000000e+03 1.778651406514950625e-03
2.917000000000000000e+03 1.763459133441189512e-03
2.918000000000000000e+03 1.748224876959086124e-03
2.919000000000000000e+03 1.732979298673791371e-03
2.920000000000000000e+03 1.717706988626562827e-03
2.920854736328125000e+03 1.704618389508299288e-03
2.921000000000000000e+03 1.701405522335055868e-03
2.922000000000000000e+03 1.679281497218479847e-03
2.923000000000000000e+03 1.657105269542914977e-03
2.924000000000000000e+03 1.634905958249930225e-03
2.925000000000000000e+03 1.612668889548519308e-03
2.926000000000000000e+03 1.590380169056268729e-03
2.927000000000000000e+03 1.568067746600884443e-03
2.928000000000000000e+03 1.545703878616262045e-03
2.929000000000000000e+03 1.523316059921057952e-03
2.930000000000000000e+03 1.500890426841529953e-03
2.930857421875000000e+03 1.481620368247417701e-03
2.931000000000000000e+03 1.479901782145153378e-03
2.932000000000000000e+03 1.467849050413731803e-03
2.933000000000000000e+03 1.455762424378959259e-03
2.934000000000000000e+03 1.443667716503363408e-03
2.935000000000000000e+03 1.431539467519283388e-03
2.936000000000000000e+03 1.419402757271387688e-03
2.937000000000000000e+03 1.407232558838823972e-03
2.938000000000000000e+03 1.395053969173921504e-03
2.939000000000000000e+03 1.382854154999191634e-03
2.940000000000000000e+03 1.370621158953701582e-03
2.940859863281250000e+03 1.360095514679978725e-03
2.941000000000000000e+03 1.359160014168418924e-03
2.942000000000000000e+03 1.352465648442015972e-03
2.943000000000000000e+03 1.345770954587867559e-03
2.944000000000000000e+03 1.339052257283319296e-03
2.945000000000000000e+03 1.332333247805423098e-03
2.946000000000000000e+03 1.325590486952366422e-03
2.947000000000000000e+03 1.318847146687653722e-03
2.948000000000000000e+03 1.312080029014327806e-03
2.949000000000000000e+03 1.305312344230751204e-03
2.950000000000000000e+03 1.298521132040157851e-03
2.950862304687500000e+03 1.292664487686654524e-03
2.951000000000000000e+03 1.290831829519448236e-03
2.952000000000000000e+03 1.277498220529863209e-03
2.953000000000000000e+03 1.264153453143467909e-03
2.954000000000000000e+03 1.250775232518162904e-03
2.955000000000000000e+03 1.237374557439912008e-03
2.956000000000000000e+03 1.223962348799966220e-03
2.957000000000000000e+03 1.210516892507292703e-03
2.958000000000000000e+03 1.197059777226271073e-03
2.959000000000000000e+03 1.183569512679687533e-03
2.960000000000000000e+03 1.170067211647043103e-03
2.960864746093750000e+03 1.158363711250830945e-03
2.961000000000000000e+03 1.156660332562913082e-03
2.962000000000000000e+03 1.144064516599293266e-03
2.963000000000000000e+03 1.131437626881439664e-03
2.964000000000000000e+03 1.118789855568083852e-03
2.965000000000000000e+03 1.106131063157828791e-03
2.966000000000000000e+03 1.093441397607099273e-03
2.967000000000000000e+03 1.080740358247388091e-03
2.968000000000000000e+03 1.068008775977389397e-03
2.969000000000000000e+03 1.055256393568385640e-03
2.970000000000000000e+03 1.042492169132544890e-03
2.970867187500000000e+03 1.031397304561047909e-03
2.971000000000000000e+03 1.029488697348976151e-03
2.972000000000000000e+03 1.015113738938763907e-03
2.973000000000000000e+03 1.000706481059153094e-03
2.974000000000000000e+03 9.862757774747575330e-04
2.975000000000000000e+03 9.718302898475332605e-04
2.976000000000000000e+03 9.573528610804824890e-04
2.977000000000000000e+03 9.428519718253296038e-04
2.978000000000000000e+03 9.283358946458276570e-04
2.979000000000000000e+03 9.137881405502203472e-04
2.980000000000000000e+03 8.992171028335914753e-04
2.980869628906250000e+03 8.865329053075768307e-04
2.981000000000000000e+03 8.856161232891979554e-04
2.982000000000000000e+03 8.785695816713470991e-04
2.983000000000000000e+03 8.715113838520424346e-04
2.984000000000000000e+03 8.644489549045579610e-04
2.985000000000000000e+03 8.573670974872108419e-04
2.986000000000000000e+03 8.502734828022593489e-04
2.987000000000000000e+03 8.431756192053325603e-04
2.988000000000000000e+03 8.360584165817156127e-04
2.989000000000000000e+03 8.289294469862660934e-04
2.990000000000000000e+03 8.217959409722630547e-04
2.990872314453125000e+03 8.155570132220871194e-04
2.991000000000000000e+03 8.151790178083786554e-04
2.992000000000000000e+03 8.122155482065408468e-04
2.993000000000000000e+03 8.092538394472811219e-04
2.994000000000000000e+03 8.062797036547103688e-04
2.995000000000000000e+03 8.033001187728422117e-04
2.996000000000000000e+03 8.003151681224310266e-04
2.997000000000000000e+03 7.973318659364018752e-04
2.998000000000000000e+03 7.943362358227449909e-04
2.999000000000000000e+03 7.913351519745791870e-04
3.000000000000000000e+03 7.883286964452147902e-04
3.000874755859375000e+03 7.851964674505288551e-04
3.001000000000000000e+03 7.837030044150473896e-04
3.002000000000000000e+03 7.717712486012824440e-04
3.003000000000000000e+03 7.598388680339061320e-04
3.004000000000000000e+03 7.479059415629917343e-04
3.005000000000000000e+03 7.359787848566762660e-04
3.006000000000000000e+03 7.240444266966471676e-04
3.007000000000000000e+03 7.121094459363523470e-04
3.008000000000000000e+03 7.001739164121071213e-04
3.009000000000000000e+03 6.882437426573884435e-04
3.010000000000000000e+03 6.763067907893896991e-04
3.010877197265625000e+03 6.658348966864233772e-04
3.011000000000000000e+03 6.655270258725467939e-04
3.012000000000000000e+03 6.630198446734986151e-04
3.013000000000000000e+03 6.605125281577765546e-04
3.014000000000000000e+03 6.580108608683200942e-04
3.015000000000000000e+03 6.555033203054353753e-04
3.016000000000000000e+03 6.529955759019430688e-04
3.017000000000000000e+03 6.504876966325342591e-04
3.018000000000000000e+03 6.479797504078528515e-04
3.019000000000000000e+03 6.454772741843942509e-04
3.020000000000000000e+03 6.429689683846665643e-04
3.020879638671875000e+03 6.407618977776056209e-04
3.021000000000000000e+03 6.407702707647165621e-04
3.022000000000000000e+03 6.408398992952349946e-04
3.023000000000000000e+03 6.409094537707898769e-04
3.024000000000000000e+03 6.409790012204928536e-04
3.025000000000000000e+03 6.410486086884462911e-04
3.026000000000000000e+03 6.411237744000774369e-04
3.027000000000000000e+03 6.411933010689238859e-04
3.028000000000000000e+03 6.412628877563904001e-04
3.029000000000000000e+03 6.413324003447831408e-04
3.030000000000000000e+03 6.414019058856927332e-04
3.030882080078125000e+03 6.414600436680065491e-04
3.031000000000000000e+03 6.403824482117602369e-04
3.032000000000000000e+03 6.312438277467038355e-04
3.033000000000000000e+03 6.221048730408121211e-04
3.034000000000000000e+03 6.129709671111465991e-04
3.035000000000000000e+03 6.038313275110384574e-04
3.036000000000000000e+03 5.946912906001977162e-04
3.037000000000000000e+03 5.855509207929461253e-04
3.038000000000000000e+03 5.764102786689361988e-04
3.039000000000000000e+03 5.672692431148297198e-04
3.040000000000000000e+03 5.581278756689433398e-04
3.040884765625000000e+03 5.500392877102047240e-04
3.041000000000000000e+03 5.487195100922331306e-04
3.042000000000000000e+03 5.372662472456955990e-04
3.043000000000000000e+03 5.258125902729112377e-04
3.044000000000000000e+03 5.143585933348321371e-04
3.045000000000000000e+03 5.029041481656836964e-04
3.046000000000000000e+03 4.914536229671777204e-04
3.047000000000000000e+03 4.799982917263262362e-04
3.048000000000000000e+03 4.685426174043581761e-04
3.049000000000000000e+03 4.570865013315992208e-04
3.050000000000000000e+03 4.456299940708593316e-04
3.050887207031250000e+03 4.354652814017420832e-04
3.051000000000000000e+03 4.353754551399984418e-04
3.052000000000000000e+03 4.345790102508666035e-04
3.053000000000000000e+03 4.337825336464770664e-04
3.054000000000000000e+03 4.329860705717863750e-04
3.055000000000000000e+03 4.321895305379740452e-04
3.056000000000000000e+03 4.313929588755618569e-04
3.057000000000000000e+03 4.305964005728778144e-04
3.058000000000000000e+03 4.297997656544079535e-04
3.059000000000000000e+03 4.290030991940289255e-04
3.060000000000000000e+03 4.282064012206430125e-04
3.060889648437500000e+03 4.274975145291650324e-04
3.061000000000000000e+03 4.276162408125787741e-04
3.062000000000000000e+03 4.286921035739729604e-04
3.063000000000000000e+03 4.297679953288269608e-04
3.064000000000000000e+03 4.308439610063539028e-04
3.065000000000000000e+03 4.319199107394639425e-04
3.066000000000000000e+03 4.329958893474176876e-04
3.067000000000000000e+03 4.340719420891900912e-04
3.068000000000000000e+03 4.351479784380985947e-04
3.069000000000000000e+03 4.362202200035348882e-04
3.070000000000000000e+03 4.372963502225911576e-04
3.070892089843750000e+03 4.382561440660030371e-04
3.071000000000000000e+03 4.373339065202747891e-04
3.072000000000000000e+03 4.287874116343450719e-04
3.073000000000000000e+03 4.202406922659633051e-04
3.074000000000000000e+03 4.116936601494355810e-04
3.075000000000000000e+03 4.031463603321143582e-04
3.076000000000000000e+03 3.945988342858227369e-04
3.077000000000000000e+03 3.860509991083297386e-04
3.078000000000000000e+03 3.775028971653268304e-04
3.079000000000000000e+03 3.689545672477671551e-04
3.080000000000000000e+03 3.604059318156963292e-04
3.080894775390625000e+03 3.527563915468961107e-04
3.081000000000000000e+03 3.527591391566962183e-04
3.082000000000000000e+03 3.527821956620166431e-04
3.083000000000000000e+03 3.528083017527458651e-04
3.084000000000000000e+03 3.528344041714805753e-04
3.085000000000000000e+03 3.528605397064673221e-04
3.086000000000000000e+03 3.528866347785745484e-04
3.087000000000000000e+03 3.529127261752566303e-04
3.088000000000000000e+03 3.529388506871325134e-04
3.089000000000000000e+03 3.529649347303243285e-04
3.090000000000000000e+03 3.529879244539602416e-04
3.090897216796875000e+03 3.530111439861181931e-04
3.091000000000000000e+03 3.530293873449904304e-04
3.092000000000000000e+03 3.532068444049774243e-04
3.093000000000000000e+03 3.533843019539830202e-04
3.094000000000000000e+03 3.535617968307842559e-04
3.095000000000000000e+03 3.537392553544473810e-04
3.096000000000000000e+03 3.539167143471844503e-04
3.097000000000000000e+03 3.540911115088842746e-04
3.098000000000000000e+03 3.542685700456742149e-04
3.099000000000000000e+03 3.544460290317305389e-04
3.100000000000000000e+03 3.546235254051666760e-04
3.100899658203125000e+03 3.547830261624744302e-04
3.101000000000000000e+03 3.538693659085817914e-04
3.102000000000000000e+03 3.447607339394394960e-04
3.103000000000000000e+03 3.356549885287312112e-04
3.104000000000000000e+03 3.265489625315419562e-04
3.105000000000000000e+03 3.174426921921867347e-04
3.106000000000000000e+03 3.083362099539306350e-04
3.107000000000000000e+03 2.992268333107455866e-04
3.108000000000000000e+03 2.901199107793636894e-04
3.109000000000000000e+03 2.810127744847487120e-04
3.110000000000000000e+03 2.719053652823696932e-04
3.110902099609375000e+03 2.636892882436385412e-04
3.111000000000000000e+03 2.632457830233148662e-04
3.112000000000000000e+03 2.587133139389222636e-04
3.113000000000000000e+03 2.541830009921987842e-04
3.114000000000000000e+03 2.496525693438941883e-04
3.115000000000000000e+03 2.451220446757689051e-04
3.116000000000000000e+03 2.405892719050526285e-04
3.117000000000000000e+03 2.360585243903157117e-04
3.118000000000000000e+03 2.315276829268802562e-04
3.119000000000000000e+03 2.269947144365778253e-04
3.120000000000000000e+03 2.224636525159610781e-04
3.120904785156250000e+03 2.183638687702154182e-04
3.121000000000000000e+03 2.181989732992172231e-04
3.122000000000000000e+03 2.164671004740855397e-04
3.123000000000000000e+03 2.147333276707657026e-04
3.124000000000000000e+03 2.130013793091185814e-04
3.125000000000000000e+03 2.112693857445171249e-04
3.126000000000000000e+03 2.095355375504530761e-04
3.127000000000000000e+03 2.078034688196393623e-04
3.128000000000000000e+03 2.060713550728320573e-04
3.129000000000000000e+03 2.043392176298458086e-04
3.130000000000000000e+03 2.026052434920764525e-04
3.131000000000000000e+03 2.008729455733051453e-04
3.132000000000000000e+03 1.991406247194634101e-04
3.133000000000000000e+03 1.974065147020336660e-04
3.134000000000000000e+03 1.956741010702369886e-04
3.135000000000000000e+03 1.939416641464760879e-04
3.136000000000000000e+03 1.922074844612442447e-04
3.137000000000000000e+03 1.904749556734583850e-04
3.138000000000000000e+03 1.887424032370053266e-04
3.139000000000000000e+03 1.870081544302042023e-04
3.140000000000000000e+03 1.852755303071423193e-04
3.140909912109375000e+03 1.836989378751199213e-04
3.141000000000000000e+03 1.835836975687524838e-04
3.142000000000000000e+03 1.823028893030783791e-04
3.143000000000000000e+03 1.810236708421985414e-04
3.144000000000000000e+03 1.797428316751195751e-04
3.145000000000000000e+03 1.784635410769912244e-04
3.146000000000000000e+03 1.771842367457630927e-04
3.147000000000000000e+03 1.759033460022692752e-04
3.148000000000000000e+03 1.746239702091045419e-04
3.149000000000000000e+03 1.733430671593116240e-04
3.150000000000000000e+03 1.720636385027331304e-04
3.151000000000000000e+03 1.707841247488503251e-04
3.152000000000000000e+03 1.695031180168385908e-04
3.153000000000000000e+03 1.682235532747251936e-04
3.154000000000000000e+03 1.669425178685303955e-04
3.155000000000000000e+03 1.656629023197820304e-04
3.156000000000000000e+03 1.643832558813546399e-04
3.157000000000000000e+03 1.631021722436915434e-04
3.158000000000000000e+03 1.618224752719888619e-04
3.159000000000000000e+03 1.605413467297825197e-04
3.160000000000000000e+03 1.592616160829102246e-04
3.160914794921875000e+03 1.580895493590632147e-04
3.161000000000000000e+03 1.579922073524000895e-04
3.162000000000000000e+03 1.568511286271603346e-04
3.163000000000000000e+03 1.557086813556508083e-04
3.164000000000000000e+03 1.545675599236212073e-04
3.165000000000000000e+03 1.534264281787831106e-04
3.166000000000000000e+03 1.522839258613119533e-04
3.167000000000000000e+03 1.511427357204116737e-04
3.168000000000000000e+03 1.500002267604195376e-04
3.169000000000000000e+03 1.488589943178164003e-04
3.170000000000000000e+03 1.477164476051325578e-04
3.171000000000000000e+03 1.465751399012727482e-04
3.172000000000000000e+03 1.454325234705251455e-04
3.173000000000000000e+03 1.442911750663390343e-04
3.174000000000000000e+03 1.431485382916698973e-04
3.175000000000000000e+03 1.420071346090666072e-04
3.176000000000000000e+03 1.408644923884958466e-04
3.177000000000000000e+03 1.397230485673275045e-04
3.178000000000000000e+03 1.385803716989603119e-04
3.179000000000000000e+03 1.374389022829183642e-04
3.180000000000000000e+03 1.362962055455976026e-04
3.180919921875000000e+03 1.352450019239446295e-04
3.181000000000000000e+03 1.351680361312004256e-04
3.182000000000000000e+03 1.342080559249616558e-04
3.183000000000000000e+03 1.332468936354895051e-04
3.184000000000000000e+03 1.322868940950859865e-04
3.185000000000000000e+03 1.313257155685768117e-04
3.186000000000000000e+03 1.303656692796638513e-04
3.187000000000000000e+03 1.294044881735456783e-04
3.188000000000000000e+03 1.284444089969857393e-04
3.189000000000000000e+03 1.274832117194766256e-04
3.190000000000000000e+03 1.265219974444208311e-04
3.191000000000000000e+03 1.255618331910729653e-04
3.192000000000000000e+03 1.246005765248465189e-04
3.193000000000000000e+03 1.236403809603760944e-04
3.194000000000000000e+03 1.226791096929680019e-04
3.195000000000000000e+03 1.217188829531853407e-04
3.196000000000000000e+03 1.207575846959454106e-04
3.197000000000000000e+03 1.197962960355400923e-04
3.198000000000000000e+03 1.188360270464676439e-04
3.199000000000000000e+03 1.178747118957434759e-04
3.200000000000000000e+03 1.169144242913351786e-04
3.200924804687500000e+03 1.160173349112172188e-04
3.201000000000000000e+03 1.159559424098686320e-04
3.202000000000000000e+03 1.151395769261720882e-04
3.203000000000000000e+03 1.143243123246297395e-04
3.204000000000000000e+03 1.135081626181914802e-04
3.205000000000000000e+03 1.126921421513338197e-04
3.206000000000000000e+03 1.118772015477493691e-04
3.207000000000000000e+03 1.110614089667809042e-04
3.208000000000000000e+03 1.102457225185221021e-04
3.209000000000000000e+03 1.094311064396648922e-04
3.210000000000000000e+03 1.086156597307684854e-04
3.211000000000000000e+03 1.078003195787015465e-04
3.212000000000000000e+03 1.069860396368166241e-04
3.213000000000000000e+03 1.061709282268731536e-04
3.214000000000000000e+03 1.053559348831110130e-04
3.215000000000000000e+03 1.045419802650331820e-04
3.216000000000000000e+03 1.037272160065193439e-04
3.217000000000000000e+03 1.029125806441619087e-04
3.218000000000000000e+03 1.020989412162276618e-04
3.219000000000000000e+03 1.012845246214053062e-04
3.220000000000000000e+03 1.004702368373916227e-04
3.220929931640625000e+03 9.971392344020242344e-05
3.221000000000000000e+03 9.966524429497026854e-05
3.222000000000000000e+03 9.896969266893371967e-05
3.223000000000000000e+03 9.827425180479874736e-05
3.224000000000000000e+03 9.757890132264961970e-05
3.225000000000000000e+03 9.688450429887592247e-05
3.226000000000000000e+03 9.618934906835542142e-05
3.227000000000000000e+03 9.549430450223134951e-05
3.228000000000000000e+03 9.480017530100904720e-05
3.229000000000000000e+03 9.410531639192135068e-05
3.230000000000000000e+03 9.341056807464803333e-05
3.231000000000000000e+03 9.271588853632940200e-05
3.232000000000000000e+03 9.202211048012096323e-05
3.233000000000000000e+03 9.132763694846855252e-05
3.234000000000000000e+03 9.063325527890756178e-05
3.235000000000000000e+03 8.993898435589814876e-05
3.236000000000000000e+03 8.924558144598401528e-05
3.237000000000000000e+03 8.855149809555977903e-05
3.238000000000000000e+03 8.785752542369486425e-05
3.239000000000000000e+03 8.716364522219238492e-05
3.240000000000000000e+03 8.646987565308250265e-05
3.240935058593750000e+03 8.582195482286922512e-05
3.241000000000000000e+03 8.578640224249692824e-05
3.242000000000000000e+03 8.523825121651833095e-05
3.243000000000000000e+03 8.469017098111234268e-05
3.244000000000000000e+03 8.414217045201198347e-05
3.245000000000000000e+03 8.359425831661278282e-05
3.246000000000000000e+03 8.304713895200195627e-05
3.247000000000000000e+03 8.249938146066605759e-05
3.248000000000000000e+03 8.195169524026096636e-05
3.249000000000000000e+03 8.140408892113734846e-05
3.250000000000000000e+03 8.085657090557194881e-05
3.251000000000000000e+03 8.030912444834701974e-05
3.252000000000000000e+03 7.976245922007559410e-05
3.253000000000000000e+03 7.921516799531990501e-05
3.254000000000000000e+03 7.866795686686652792e-05
3.255000000000000000e+03 7.812083395220415904e-05
3.256000000000000000e+03 7.757378307578384740e-05
3.257000000000000000e+03 7.702682037691108835e-05
3.258000000000000000e+03 7.648059417863091155e-05
3.259000000000000000e+03 7.593377922177193878e-05
3.260000000000000000e+03 7.538705238931225048e-05
3.260940185546875000e+03 7.487309296068175445e-05
3.261000000000000000e+03 7.484665633714062338e-05
3.262000000000000000e+03 7.440472103757681433e-05
3.263000000000000000e+03 7.396284254634238105e-05
3.264000000000000000e+03 7.352103623274449599e-05
3.265000000000000000e+03 7.307928688208150888e-05
3.266000000000000000e+03 7.263823284551910228e-05
3.267000000000000000e+03 7.219661640711797304e-05
3.268000000000000000e+03 7.175505716438144370e-05
3.269000000000000000e+03 7.131357002676119857e-05
3.270000000000000000e+03 7.087214023931863373e-05
3.271000000000000000e+03 7.043079481220670675e-05
3.272000000000000000e+03 6.998950673496441110e-05
3.273000000000000000e+03 6.954828336313836565e-05
3.274000000000000000e+03 6.910713186863542403e-05
3.275000000000000000e+03 6.866603795578696062e-05
3.276000000000000000e+03 6.822501589120476598e-05
3.277000000000000000e+03 6.778405156275757676e-05
3.278000000000000000e+03 6.734315905356804115e-05
3.279000000000000000e+03 6.690290498020297631e-05
3.280000000000000000e+03 6.646213143672352651e-05
3.280945312500000000e+03 6.604553854699299331e-05
3.281000000000000000e+03 6.602386564615106152e-05
3.282000000000000000e+03 6.562758498755400340e-05
3.283000000000000000e+03 6.523136918070831505e-05
3.284000000000000000e+03 6.483520473778320336e-05
3.285000000000000000e+03 6.443909846560633928e-05
3.286000000000000000e+03 6.404305700619550984e-05
3.287000000000000000e+03 6.364706711894037891e-05
3.288000000000000000e+03 6.325114201851837282e-05
3.289000000000000000e+03 6.285526862903708550e-05
3.290000000000000000e+03 6.245946000049942197e-05
3.291000000000000000e+03 6.206371343827653329e-05
3.292000000000000000e+03 6.166802511328188974e-05
3.293000000000000000e+03 6.127240137953721090e-05
3.294000000000000000e+03 6.087682957264638076e-05
3.295000000000000000e+03 6.048132233131135364e-05
3.296000000000000000e+03 6.008586715558161232e-05
3.297000000000000000e+03 5.969047651975696172e-05
3.298000000000000000e+03 5.929513808825566092e-05
3.299000000000000000e+03 5.889985809180351122e-05
3.300000000000000000e+03 5.850464259685683700e-05
3.300950195312500000e+03 5.812917728201439136e-05
3.301000000000000000e+03 5.811201933458116572e-05
3.302000000000000000e+03 5.776754715289604097e-05
3.303000000000000000e+03 5.742262175971615492e-05
3.304000000000000000e+03 5.707825360868302935e-05
3.305000000000000000e+03 5.673393013389563212e-05
3.306000000000000000e+03 5.638966310428140282e-05
3.307000000000000000e+03 5.604544087184853914e-05
3.308000000000000000e+03 5.570126931549964396e-05
3.309000000000000000e+03 5.535715417108382988e-05
3.310000000000000000e+03 5.501308400519472406e-05
3.311000000000000000e+03 5.466909667924034570e-05
3.312000000000000000e+03 5.432515411798502210e-05
3.313000000000000000e+03 5.398126758990588503e-05
3.314000000000000000e+03 5.363742594757340420e-05
3.315000000000000000e+03 5.329363481975398062e-05
3.316000000000000000e+03 5.294944095482560900e-05
3.317000000000000000e+03 5.260575389202930437e-05
3.318000000000000000e+03 5.226212280725086830e-05
3.319000000000000000e+03 5.191853691001117454e-05
3.320000000000000000e+03 5.157500696907238680e-05
3.320955322265625000e+03 5.124687542084691429e-05
3.321000000000000000e+03 5.123429610527926401e-05
3.322000000000000000e+03 5.095276614195498832e-05
3.323000000000000000e+03 5.067127204233769564e-05
3.324000000000000000e+03 5.038981910985285682e-05
3.325000000000000000e+03 5.010797857610850548e-05
3.326000000000000000e+03 4.982661046497497114e-05
3.327000000000000000e+03 4.954528868900569857e-05
3.328000000000000000e+03 4.926400302394435036e-05
3.329000000000000000e+03 4.898276367624416957e-05
3.330000000000000000e+03 4.870156053852030389e-05
3.331000000000000000e+03 4.841999196057795367e-05
3.332000000000000000e+03 4.813888128709271918e-05
3.333000000000000000e+03 4.785781680739743457e-05
3.334000000000000000e+03 4.757678864771207680e-05
3.335000000000000000e+03 4.729580179003644392e-05
3.336000000000000000e+03 4.701486109968111684e-05
3.337000000000000000e+03 4.673355234984118665e-05
3.338000000000000000e+03 4.645269672628196217e-05
3.339000000000000000e+03 4.617187766975041637e-05
3.340000000000000000e+03 4.589110474478914117e-05
3.340960449218750000e+03 4.562147866088415190e-05
3.341000000000000000e+03 4.561140422309661240e-05
3.342000000000000000e+03 4.535631420770526857e-05
3.343000000000000000e+03 4.510165162211435426e-05
3.344000000000000000e+03 4.484703105777242853e-05
3.345000000000000000e+03 4.459244326662609138e-05
3.346000000000000000e+03 4.433750926843736337e-05
3.347000000000000000e+03 4.408300313155265939e-05
3.348000000000000000e+03 4.382852990204713569e-05
3.349000000000000000e+03 4.357409865358316629e-05
3.350000000000000000e+03 4.331970040227344090e-05
3.351000000000000000e+03 4.306497821720954605e-05
3.352000000000000000e+03 4.281066381290013381e-05
3.353000000000000000e+03 4.255639127840400888e-05
3.354000000000000000e+03 4.230215184096818010e-05
3.355000000000000000e+03 4.204759056189973570e-05
3.356000000000000000e+03 4.179342837938497486e-05
3.357000000000000000e+03 4.153930375775792983e-05
3.358000000000000000e+03 4.128486391091613878e-05
3.359000000000000000e+03 4.103081665270408437e-05
3.360000000000000000e+03 4.077681120838150513e-05
3.360965576171875000e+03 4.053160013911804313e-05
3.361000000000000000e+03 4.052386770538199759e-05
3.362000000000000000e+03 4.029891595311023991e-05
3.363000000000000000e+03 4.007434339141862880e-05
3.364000000000000000e+03 3.984980788202230453e-05
3.365000000000000000e+03 3.962495861248474624e-05
3.366000000000000000e+03 3.940049093883142626e-05
3.367000000000000000e+03 3.917605218581518420e-05
3.368000000000000000e+03 3.895131372054099389e-05
3.369000000000000000e+03 3.872694294611957807e-05
3.370000000000000000e+03 3.850260918199077253e-05
3.371000000000000000e+03 3.827832962929352120e-05
3.372000000000000000e+03 3.805375393786492808e-05
3.373000000000000000e+03 3.782954581542532737e-05
3.374000000000000000e+03 3.760536659438748594e-05
3.375000000000000000e+03 3.738090098475746177e-05
3.376000000000000000e+03 3.715678937512905886e-05
3.377000000000000000e+03 3.693239526412020625e-05
3.378000000000000000e+03 3.670835133021389888e-05
3.379000000000000000e+03 3.648434404838472357e-05
3.380000000000000000e+03 3.626005258648797491e-05
3.380970703125000000e+03 3.604270132035758704e-05
3.381000000000000000e+03 3.603739837375696353e-05
3.382000000000000000e+03 3.585640085292819267e-05
3.383000000000000000e+03 3.567512487968802469e-05
3.384000000000000000e+03 3.549418114154934053e-05
3.385000000000000000e+03 3.531296209266123186e-05
3.386000000000000000e+03 3.513207218944584945e-05
3.387000000000000000e+03 3.495121203925844350e-05
3.388000000000000000e+03 3.477007409966145264e-05
3.389000000000000000e+03 3.458926426878536613e-05
3.390000000000000000e+03 3.440848417459386381e-05
3.391000000000000000e+03 3.422744233813394506e-05
3.392000000000000000e+03 3.404672730729061162e-05
3.393000000000000000e+03 3.386574239752093582e-05
3.394000000000000000e+03 3.368508113501774478e-05
3.395000000000000000e+03 3.350415320290984768e-05
3.396000000000000000e+03 3.332354576118257692e-05
3.397000000000000000e+03 3.314296104726203725e-05
3.398000000000000000e+03 3.296212128920106819e-05
3.399000000000000000e+03 3.278159051249419882e-05
3.400000000000000000e+03 3.260080782249799466e-05
3.400975830078125000e+03 3.240889818832682728e-05
3.401000000000000000e+03 3.240499084737319521e-05
3.402000000000000000e+03 3.224313702639433697e-05
3.403000000000000000e+03 3.208172084318678362e-05
3.404000000000000000e+03 3.192019362356788225e-05
3.405000000000000000e+03 3.175910135272047222e-05
3.406000000000000000e+03 3.159790090552151872e-05
3.407000000000000000e+03 3.143713272407678926e-05
3.408000000000000000e+03 3.127652917685211457e-05
3.409000000000000000e+03 3.111581530536608958e-05
3.410000000000000000e+03 3.095553608138293622e-05
3.411000000000000000e+03 3.079516428906184600e-05
3.412000000000000000e+03 3.063522425445285122e-05
3.413000000000000000e+03 3.047517955710850269e-05
3.414000000000000000e+03 3.031556077562943063e-05
3.415000000000000000e+03 3.015584645958253277e-05
3.416000000000000000e+03 2.999655225669323855e-05
3.417000000000000000e+03 2.983716534665614543e-05
3.418000000000000000e+03 2.967819590043825891e-05
3.419000000000000000e+03 2.951913656850990164e-05
3.420000000000000000e+03 2.936024177177604452e-05
3.420980957031250000e+03 2.920480480230223125e-05
3.421000000000000000e+03 2.920193855159114817e-05
3.422000000000000000e+03 2.905125368160801127e-05
3.423000000000000000e+03 2.890097020440066252e-05
3.424000000000000000e+03 2.875059123616495335e-05
3.425000000000000000e+03 2.860061706736801506e-05
3.426000000000000000e+03 2.845054714881166435e-05
3.427000000000000000e+03 2.830087947510260421e-05
3.428000000000000000e+03 2.815111877064245907e-05
3.429000000000000000e+03 2.800175776222295603e-05
3.430000000000000000e+03 2.785230643627960745e-05
3.431000000000000000e+03 2.770287276674759214e-05
3.432000000000000000e+03 2.755383085385775845e-05
3.433000000000000000e+03 2.740470990131907878e-05
3.434000000000000000e+03 2.725597822399938527e-05
3.435000000000000000e+03 2.710717014026782075e-05
3.436000000000000000e+03 2.695851641794556834e-05
3.437000000000000000e+03 2.681025379294276278e-05
3.438000000000000000e+03 2.666191319639767907e-05
3.439000000000000000e+03 2.651396116871529933e-05
3.440000000000000000e+03 2.636593384971838190e-05
3.440986083984375000e+03 2.622014412269947861e-05
3.441000000000000000e+03 2.621842815340773237e-05
3.442000000000000000e+03 2.609540612212186012e-05
3.443000000000000000e+03 2.597228832154830201e-05
3.444000000000000000e+03 2.584951826002248213e-05
3.445000000000000000e+03 2.572665460425791197e-05
3.446000000000000000e+03 2.560391596708727551e-05
3.447000000000000000e+03 2.548152725617108846e-05
3.448000000000000000e+03 2.535904297548026974e-05
3.449000000000000000e+03 2.523668904630367783e-05
3.450000000000000000e+03 2.511467673268802893e-05
3.451000000000000000e+03 2.499258958931392527e-05
3.452000000000000000e+03 2.487062760244513902e-05
3.453000000000000000e+03 2.474900916737224433e-05
3.454000000000000000e+03 2.462730166870781228e-05
3.455000000000000000e+03 2.450572450856182110e-05
3.456000000000000000e+03 2.438448276295732849e-05
3.457000000000000000e+03 2.426316025344903480e-05
3.458000000000000000e+03 2.414196563584400927e-05
3.459000000000000000e+03 2.402110340853905849e-05
3.460000000000000000e+03 2.390016117822556306e-05
3.460991210937500000e+03 2.378042199910655681e-05
3.461000000000000000e+03 2.377928677380058219e-05
3.462000000000000000e+03 2.365039437954946668e-05
3.463000000000000000e+03 2.352143785424391765e-05
3.464000000000000000e+03 2.339261962663592535e-05
3.465000000000000000e+03 2.326413771016494988e-05
3.466000000000000000e+03 2.313559507607210238e-05
3.467000000000000000e+03 2.300718848094816980e-05
3.468000000000000000e+03 2.287892268856484197e-05
3.469000000000000000e+03 2.275098894506059205e-05
3.470000000000000000e+03 2.262299901721460702e-05
3.471000000000000000e+03 2.249516716380614730e-05
3.472000000000000000e+03 2.236766853843751810e-05
3.473000000000000000e+03 2.224011228053971454e-05
3.474000000000000000e+03 2.211269669721555828e-05
3.475000000000000000e+03 2.198541727566652822e-05
3.476000000000000000e+03 2.185846675233665378e-05
3.477000000000000000e+03 2.173146320074120352e-05
3.478000000000000000e+03 2.160460040597989969e-05
3.479000000000000000e+03 2.147787396012404903e-05
3.480000000000000000e+03 2.135147210321483780e-05
3.480996337890625000e+03 2.122550149640548974e-05
3.481000000000000000e+03 2.122511273714519184e-05
3.482000000000000000e+03 2.111901460546179398e-05
3.483000000000000000e+03 2.101302770135750448e-05
3.484000000000000000e+03 2.090715636965249482e-05
3.485000000000000000e+03 2.080157536853376844e-05
3.486000000000000000e+03 2.069593003228035606e-05
3.487000000000000000e+03 2.059039607911143153e-05
3.488000000000000000e+03 2.048497776657545765e-05
3.489000000000000000e+03 2.037967091428829024e-05
3.490000000000000000e+03 2.027465419569668799e-05
3.491000000000000000e+03 2.016959321841165520e-05
3.492000000000000000e+03 2.006464774474931044e-05
3.493000000000000000e+03 1.995981572589701982e-05
3.494000000000000000e+03 1.985509515630148747e-05
3.495000000000000000e+03 1.975066006196121333e-05
3.496000000000000000e+03 1.964616566995442055e-05
3.497000000000000000e+03 1.954178686897636052e-05
3.498000000000000000e+03 1.943751967368285036e-05
3.499000000000000000e+03 1.933336810405586581e-05
3.500000000000000000e+03 1.922932821773940982e-05
3.501000000000000000e+03 1.912307520166362497e-05
3.501001464843750000e+03 1.912291941310101579e-05
3.502000000000000000e+03 1.902607068625283130e-05
3.503000000000000000e+03 1.892920489472916506e-05
3.504000000000000000e+03 1.883246034913224276e-05
3.505000000000000000e+03 1.873584094621800545e-05
3.506000000000000000e+03 1.863934286991335813e-05
3.507000000000000000e+03 1.854296997714208046e-05
3.508000000000000000e+03 1.844671849161419903e-05
3.509000000000000000e+03 1.835075002797692271e-05
3.510000000000000000e+03 1.825474442378692812e-05
3.511000000000000000e+03 1.815887576533758326e-05
3.512000000000000000e+03 1.806313040102180471e-05
3.513000000000000000e+03 1.796750652244286447e-05
3.514000000000000000e+03 1.787200784821172588e-05
3.515000000000000000e+03 1.777663074068854408e-05
3.516000000000000000e+03 1.768137887913586489e-05
3.517000000000000000e+03 1.758624866521330587e-05
3.518000000000000000e+03 1.749124373894149107e-05
3.519000000000000000e+03 1.739651008050202070e-05
3.520000000000000000e+03 1.730175139246863702e-05
3.521000000000000000e+03 1.720713119023869878e-05
3.521006591796875000e+03 1.720650789417333383e-05
3.522000000000000000e+03 1.713090596503706711e-05
3.523000000000000000e+03 1.705489530718240515e-05
3.524000000000000000e+03 1.697898141492767060e-05
3.525000000000000000e+03 1.690316083002532015e-05
3.526000000000000000e+03 1.682743704306918124e-05
3.527000000000000000e+03 1.675180834086608487e-05
3.528000000000000000e+03 1.667627304142957852e-05
3.529000000000000000e+03 1.660083458854732310e-05
3.530000000000000000e+03 1.652548960199072306e-05
3.531000000000000000e+03 1.645025458889932610e-05
3.532000000000000000e+03 1.637511298475835772e-05
3.533000000000000000e+03 1.630006817148346932e-05
3.534000000000000000e+03 1.622511683112980404e-05
3.535000000000000000e+03 1.615026231468118947e-05
3.536000000000000000e+03 1.607550133508709272e-05
3.537000000000000000e+03 1.600083721248160183e-05
3.538000000000000000e+03 1.592626831934018224e-05
3.539000000000000000e+03 1.585179305888808569e-05
3.540000000000000000e+03 1.577741470513876115e-05
3.541000000000000000e+03 1.570314284261959426e-05
3.541011718750000000e+03 1.570227305246495636e-05
3.542000000000000000e+03 1.563248138121218001e-05
3.543000000000000000e+03 1.556194965810889409e-05
3.544000000000000000e+03 1.549150919021999174e-05
3.545000000000000000e+03 1.542115682552605598e-05
3.546000000000000000e+03 1.535089574773449423e-05
3.547000000000000000e+03 1.528072283381629688e-05
3.548000000000000000e+03 1.521064123853061573e-05
3.549000000000000000e+03 1.514064941554899989e-05
3.550000000000000000e+03 1.507074584739715887e-05
3.551000000000000000e+03 1.500094313130918195e-05
3.552000000000000000e+03 1.493122864152736896e-05
3.553000000000000000e+03 1.486160546096533385e-05
3.554000000000000000e+03 1.479207056763008141e-05
3.555000000000000000e+03 1.472262701576166275e-05
3.556000000000000000e+03 1.465327181200548854e-05
3.557000000000000000e+03 1.458400798200545573e-05
3.558000000000000000e+03 1.451483256096796202e-05
3.559000000000000000e+03 1.444574854601814022e-05
3.560000000000000000e+03 1.437663106203753367e-05
3.561000000000000000e+03 1.430773539875653945e-05
3.561016845703125000e+03 1.430657559746926118e-05
3.562000000000000000e+03 1.423485558796269763e-05
3.563000000000000000e+03 1.416200100076538778e-05
3.564000000000000000e+03 1.408924445109179648e-05
3.565000000000000000e+03 1.401658307748684076e-05
3.566000000000000000e+03 1.394401977682490292e-05
3.567000000000000000e+03 1.387155171754580640e-05
3.568000000000000000e+03 1.379918176667444668e-05
3.569000000000000000e+03 1.372690852477704582e-05
3.570000000000000000e+03 1.365461345112986146e-05
3.571000000000000000e+03 1.358254291289544321e-05
3.572000000000000000e+03 1.351056768648527424e-05
3.573000000000000000e+03 1.343869056486412930e-05
3.574000000000000000e+03 1.336690882064240005e-05
3.575000000000000000e+03 1.329522521722984714e-05
3.576000000000000000e+03 1.322363705675426809e-05
3.577000000000000000e+03 1.315214707315351521e-05
3.578000000000000000e+03 1.308064171795681201e-05
3.579000000000000000e+03 1.300934473533424118e-05
3.580000000000000000e+03 1.293814598290212650e-05
3.581000000000000000e+03 1.286705329895086882e-05
3.581021972656250000e+03 1.286549231994685545e-05
3.582000000000000000e+03 1.281065022687526845e-05
3.583000000000000000e+03 1.275464646231981933e-05
3.584000000000000000e+03 1.269860763465415191e-05
3.585000000000000000e+03 1.264275077205555100e-05
3.586000000000000000e+03 1.258696520815319093e-05
3.587000000000000000e+03 1.253125353830101307e-05
3.588000000000000000e+03 1.247561321726046138e-05
3.589000000000000000e+03 1.242004681745854678e-05
3.590000000000000000e+03 1.236444578648237469e-05
3.591000000000000000e+03 1.230903309823056555e-05
3.592000000000000000e+03 1.225369303741766701e-05
3.593000000000000000e+03 1.219842437834620109e-05
3.594000000000000000e+03 1.214312551777306067e-05
3.595000000000000000e+03 1.208800270422280164e-05
3.596000000000000000e+03 1.203295383490771593e-05
3.597000000000000000e+03 1.197797646728384731e-05
3.598000000000000000e+03 1.192307307154125370e-05
3.599000000000000000e+03 1.186814069456918872e-05
3.600000000000000000e+03 1.181338211199949068e-05
3.601000000000000000e+03 1.177138235435395623e-05
3.601027099609375000e+03 1.177024383879941146e-05
3.602000000000000000e+03 1.173824806681140948e-05
3.603000000000000000e+03 1.170524472009177833e-05
3.604000000000000000e+03 1.167232334737894488e-05
3.605000000000000000e+03 1.163938571060694733e-05
3.606000000000000000e+03 1.160642942799071565e-05
3.607000000000000000e+03 1.157335767658619361e-05
3.608000000000000000e+03 1.154036793542129970e-05
3.609000000000000000e+03 1.150735954958119065e-05
3.610000000000000000e+03 1.147433486749574122e-05
3.611000000000000000e+03 1.144119721039829319e-05
3.612000000000000000e+03 1.140814155539301753e-05
3.613000000000000000e+03 1.137506839576515489e-05
3.614000000000000000e+03 1.134187938521205455e-05
3.615000000000000000e+03 1.130877149754844059e-05
3.616000000000000000e+03 1.127564494602677839e-05
3.617000000000000000e+03 1.124250203128019828e-05
3.618000000000000000e+03 1.120924441596655358e-05
3.619000000000000000e+03 1.117606674938218297e-05
3.620000000000000000e+03 1.114287155691844907e-05
3.621000000000000000e+03 1.110956422493232592e-05
3.621032226562500000e+03 1.110849366540328067e-05
3.622000000000000000e+03 1.107859623880986029e-05
3.623000000000000000e+03 1.104768598834574922e-05
3.624000000000000000e+03 1.101666610917544138e-05
3.625000000000000000e+03 1.098572447622281368e-05
3.626000000000000000e+03 1.095476533171420743e-05
3.627000000000000000e+03 1.092369734558742679e-05
3.628000000000000000e+03 1.089270568167435562e-05
3.629000000000000000e+03 1.086169872860913459e-05
3.630000000000000000e+03 1.083058150716950744e-05
3.631000000000000000e+03 1.079938067215502024e-05
3.632000000000000000e+03 1.076816435662184793e-05
3.633000000000000000e+03 1.073683951708390575e-05
3.634000000000000000e+03 1.070559250794814970e-05
3.635000000000000000e+03 1.067432892373544187e-05
3.636000000000000000e+03 1.064295980763221946e-05
3.637000000000000000e+03 1.061166660551672595e-05
