2.189000000000000000e+03 1.357934907643673422e-04
2.190000000000000000e+03 1.428295623118532465e-04
2.190684814453125000e+03 1.476692182742692767e-04
2.191000000000000000e+03 1.491484097299093864e-04
2.192000000000000000e+03 1.538568095480035423e-04
2.193000000000000000e+03 1.585906572425222177e-04
2.194000000000000000e+03 1.633500251376802535e-04
2.195000000000000000e+03 1.681365555832563393e-04
2.196000000000000000e+03 1.729472069222306074e-04
2.197000000000000000e+03 1.777836151412340814e-04
2.198000000000000000e+03 1.826458344019879845e-04
2.199000000000000000e+03 1.875339376873665640e-04
2.200000000000000000e+03 1.924479981123421483e-04
2.200687011718750000e+03 1.958035397037063768e-04
2.201000000000000000e+03 1.964479897893473372e-04
2.202000000000000000e+03 1.985110235155431206e-04
2.203000000000000000e+03 2.005830230085394101e-04
2.204000000000000000e+03 2.026639895524179607e-04
2.205000000000000000e+03 2.047539462948837164e-04
2.206000000000000000e+03 2.068529164235516458e-04
2.207000000000000000e+03 2.089628720394191190e-04
2.208000000000000000e+03 2.110799347909120250e-04
2.209000000000000000e+03 2.132061040123498852e-04
2.210000000000000000e+03 2.153413798507819563e-04
2.210688964843750000e+03 2.168138524706893883e-04
2.211000000000000000e+03 2.186501327853689926e-04
2.212000000000000000e+03 2.245723297520904106e-04
2.213000000000000000e+03 2.305226928406668230e-04
2.214000000000000000e+03 2.365012961299849993e-04
2.215000000000000000e+03 2.425082138270041204e-04
2.216000000000000000e+03 2.485458087718505162e-04
2.217000000000000000e+03 2.546096340331729024e-04
2.218000000000000000e+03 2.607019973454077137e-04
2.219000000000000000e+03 2.668229734299530729e-04
2.220000000000000000e+03 2.729726371370468584e-04
2.220691162109375000e+03 2.772344289220309856e-04
2.221000000000000000e+03 2.826221627022826961e-04
2.222000000000000000e+03 3.001226246773968840e-04
2.223000000000000000e+03 3.177078074865175104e-04
2.224000000000000000e+03 3.353779005169645294e-04
2.225000000000000000e+03 3.531331248715875119e-04
2.226000000000000000e+03 3.709737020311982300e-04
2.227000000000000000e+03 3.888998538550173488e-04
2.228000000000000000e+03 4.069118025811226894e-04
2.229000000000000000e+03 4.250097237355490395e-04
2.230000000000000000e+03 4.431939324878689680e-04
2.230693115234375000e+03 4.556736999407272034e-04
2.231000000000000000e+03 4.644409958112881843e-04
2.232000000000000000e+03 4.930795613752441417e-04
2.233000000000000000e+03 5.218251898717533692e-04
2.234000000000000000e+03 5.506780492506083407e-04
2.235000000000000000e+03 5.796383075918784501e-04
2.236000000000000000e+03 6.087060657047969458e-04
2.237000000000000000e+03 6.378816235084606556e-04
2.238000000000000000e+03 6.671650852855606773e-04
2.239000000000000000e+03 6.965566196377497238e-04
2.240000000000000000e+03 7.260563952971981752e-04
2.240695312500000000e+03 7.466161803521480060e-04
2.241000000000000000e+03 7.533482272519042905e-04
2.242000000000000000e+03 7.754945086833543895e-04
2.243000000000000000e+03 7.977196100759855087e-04
2.244000000000000000e+03 8.200235593703859675e-04
2.245000000000000000e+03 8.424066543270905278e-04
2.246000000000000000e+03 8.648689255263786006e-04
2.247000000000000000e+03 8.874104919115625252e-04
2.248000000000000000e+03 9.100314725160527085e-04
2.249000000000000000e+03 9.327319864633904769e-04
2.250000000000000000e+03 9.555032770990394770e-04
2.250697509765625000e+03 9.714191324376997543e-04
2.251000000000000000e+03 9.714921258882455897e-04
2.252000000000000000e+03 9.717308305985256902e-04
2.253000000000000000e+03 9.719658040823796544e-04
2.254000000000000000e+03 9.721969317112672069e-04
2.255000000000000000e+03 9.724242062741059222e-04
2.256000000000000000e+03 9.726476205540037856e-04
2.257000000000000000e+03 9.728671673282538812e-04
2.258000000000000000e+03 9.730828393683322230e-04
2.259000000000000000e+03 9.732855958464477599e-04
2.260000000000000000e+03 9.734933880614880797e-04
2.260699707031250000e+03 9.736157679009900230e-04
2.261000000000000000e+03 9.738417349733982523e-04
2.262000000000000000e+03 9.745930276840687398e-04
2.263000000000000000e+03 9.753424777204495978e-04
2.264000000000000000e+03 9.760900810749638954e-04
2.265000000000000000e+03 9.768358337367258250e-04
2.266000000000000000e+03 9.775706641251403865e-04
2.267000000000000000e+03 9.783126973133386434e-04
2.268000000000000000e+03 9.790527596838219295e-04
2.269000000000000000e+03 9.797910633227307781e-04
2.270000000000000000e+03 9.805274961835208376e-04
2.270701904296875000e+03 9.810169110139436727e-04
2.271000000000000000e+03 9.884982152947151962e-04
2.272000000000000000e+03 1.013657916788468765e-03
2.273000000000000000e+03 1.038900313163321817e-03
2.274000000000000000e+03 1.064225515226093367e-03
2.275000000000000000e+03 1.089633633861545941e-03
2.276000000000000000e+03 1.115114323020699547e-03
2.277000000000000000e+03 1.140688368936500002e-03
2.278000000000000000e+03 1.166345663810882402e-03
2.279000000000000000e+03 1.192086318839815631e-03
2.280000000000000000e+03 1.217899162854306364e-03
2.280704101562500000e+03 1.236108521666985085e-03
2.281000000000000000e+03 1.255090228491145647e-03
2.282000000000000000e+03 1.319376775603741747e-03
2.283000000000000000e+03 1.383875198233673739e-03
2.284000000000000000e+03 1.448572356481304078e-03
2.285000000000000000e+03 1.513494587455347165e-03
2.286000000000000000e+03 1.578629676206101326e-03
2.287000000000000000e+03 1.643977738225765916e-03
2.288000000000000000e+03 1.709523223533308519e-03
2.289000000000000000e+03 1.775297451047065048e-03
2.290000000000000000e+03 1.841285476660747778e-03
2.290706298828125000e+03 1.887976073395790074e-03
2.291000000000000000e+03 1.918100162668995518e-03
2.292000000000000000e+03 2.020899035842715127e-03
2.293000000000000000e+03 2.124029460553903542e-03
2.294000000000000000e+03 2.227471241291305911e-03
2.295000000000000000e+03 2.331264794863665765e-03
2.296000000000000000e+03 2.435391383803929468e-03
2.297000000000000000e+03 2.539827684381836502e-03
2.298000000000000000e+03 2.644620129661984145e-03
2.299000000000000000e+03 2.749746605943100344e-03
2.300000000000000000e+03 2.855181125801198923e-03
2.300708496093750000e+03 2.928636896307455859e-03
2.301000000000000000e+03 2.953115031202460834e-03
2.302000000000000000e+03 3.037185985968888537e-03
2.303000000000000000e+03 3.121381603399315217e-03
2.304000000000000000e+03 3.205758968812540133e-03
2.305000000000000000e+03 3.290289789417801154e-03
2.306000000000000000e+03 3.374943737568470749e-03
2.307000000000000000e+03 3.459782213776124195e-03
2.308000000000000000e+03 3.544742199755351614e-03
2.309000000000000000e+03 3.629888573579385328e-03
2.310000000000000000e+03 3.715189511971991095e-03
2.310710449218750000e+03 3.775799907853152719e-03
2.311000000000000000e+03 3.780357627622906152e-03
2.312000000000000000e+03 3.796149022509275658e-03
2.313000000000000000e+03 3.811929814352584857e-03
2.314000000000000000e+03 3.827770300817052995e-03
2.315000000000000000e+03 3.843599942132103729e-03
2.316000000000000000e+03 3.859489183914808965e-03
2.317000000000000000e+03 3.875403542919983197e-03
2.318000000000000000e+03 3.891306692293535190e-03
2.319000000000000000e+03 3.907270363287600537e-03
2.320000000000000000e+03 3.923222580647272098e-03
2.320712890625000000e+03 3.934575928569454019e-03
2.321000000000000000e+03 3.934229420965784825e-03
2.322000000000000000e+03 3.932982275649542052e-03
2.323000000000000000e+03 3.931765280202964390e-03
2.324000000000000000e+03 3.930505845416053072e-03
2.325000000000000000e+03 3.929276517980179358e-03
2.326000000000000000e+03 3.928004767201757549e-03
2.327000000000000000e+03 3.926762649771403657e-03
2.328000000000000000e+03 3.925478556626908234e-03
2.329000000000000000e+03 3.924224485098911155e-03
2.330000000000000000e+03 3.922928022831029607e-03
2.330715087890625000e+03 3.921968639096161911e-03
2.331000000000000000e+03 3.934210621542342384e-03
2.332000000000000000e+03 3.977186667125393732e-03
2.333000000000000000e+03 4.020269309314743883e-03
2.334000000000000000e+03 4.063384865529555759e-03
2.335000000000000000e+03 4.106607927585659290e-03
2.336000000000000000e+03 4.149863235219326818e-03
2.337000000000000000e+03 4.193226960359919611e-03
2.338000000000000000e+03 4.236622260445560735e-03
2.339000000000000000e+03 4.280126422571316029e-03
2.340000000000000000e+03 4.323661951651267682e-03
2.340717285156250000e+03 4.354877213042482147e-03
2.341000000000000000e+03 4.383390358074486758e-03
2.342000000000000000e+03 4.484391661645392886e-03
2.343000000000000000e+03 4.585516713174418377e-03
2.344000000000000000e+03 4.686849211440700762e-03
2.345000000000000000e+03 4.788303878485182866e-03
2.346000000000000000e+03 4.889968131390498053e-03
2.347000000000000000e+03 4.991752968728087672e-03
2.348000000000000000e+03 5.093702631930953177e-03
2.349000000000000000e+03 5.195865099727931674e-03
2.350000000000000000e+03 5.298145765053524636e-03
2.350719482421875000e+03 5.371810270908944883e-03
2.351000000000000000e+03 5.412048639994204366e-03
2.352000000000000000e+03 5.555589034958676245e-03
2.353000000000000000e+03 5.699358449793839182e-03
2.354000000000000000e+03 5.843410209905543738e-03
2.355000000000000000e+03 5.987639527850804194e-03
2.356000000000000000e+03 6.132098423962489137e-03
2.357000000000000000e+03 6.276844838433778308e-03
2.358000000000000000e+03 6.421764776468759026e-03
2.359000000000000000e+03 6.566914851780573242e-03
2.360000000000000000e+03 6.712356996174903903e-03
2.360721679687500000e+03 6.817343201408737792e-03
2.361000000000000000e+03 6.854964928720862216e-03
2.362000000000000000e+03 6.990273137874654374e-03
2.363000000000000000e+03 7.125856658877707459e-03
2.364000000000000000e+03 7.261585832756139308e-03
2.365000000000000000e+03 7.397525115170791588e-03
2.366000000000000000e+03 7.533743936152084535e-03
2.367000000000000000e+03 7.670105175508695229e-03
2.368000000000000000e+03 7.806677017255169229e-03
2.369000000000000000e+03 7.943531771288096094e-03
2.370000000000000000e+03 8.080526548625212302e-03
2.370723876953125000e+03 8.179741117437662815e-03
2.371000000000000000e+03 8.205016857835575883e-03
2.372000000000000000e+03 8.296641703753427494e-03
2.373000000000000000e+03 8.388479877646581179e-03
2.374000000000000000e+03 8.480378162550641571e-03
2.375000000000000000e+03 8.572412902498867046e-03
2.376000000000000000e+03 8.664584199835477507e-03
2.377000000000000000e+03 8.756972594180534655e-03
2.378000000000000000e+03 8.849418155950484685e-03
2.379000000000000000e+03 8.942000583521953275e-03
2.380000000000000000e+03 9.034719979414920776e-03
2.380726074218750000e+03 9.102103385617236336e-03
2.381000000000000000e+03 9.124941836969486034e-03
2.382000000000000000e+03 9.208309475949265702e-03
2.383000000000000000e+03 9.291797477058142199e-03
2.384000000000000000e+03 9.375405927502838271e-03
2.385000000000000000e+03 9.459221743328085144e-03
2.386000000000000000e+03 9.543072116665643825e-03
2.387000000000000000e+03 9.627043202154322854e-03
2.388000000000000000e+03 9.711135087143470471e-03
2.389000000000000000e+03 9.795346788963996479e-03
2.390000000000000000e+03 9.879771176944555228e-03
2.390728515625000000e+03 9.941205111998637628e-03
2.391000000000000000e+03 9.980267354817624198e-03
2.392000000000000000e+03 1.012428404653795307e-02
2.393000000000000000e+03 1.026850965640325498e-02
2.394000000000000000e+03 1.041294433223012399e-02
2.395000000000000000e+03 1.055758822189262897e-02
2.396000000000000000e+03 1.070253962401484030e-02
2.397000000000000000e+03 1.084760370735330000e-02
2.398000000000000000e+03 1.099287745019940365e-02
2.399000000000000000e+03 1.113836100065837553e-02
2.400000000000000000e+03 1.128405450689298761e-02
2.400730712890625000e+03 1.137896468739595796e-02
2.401000000000000000e+03 1.144821466876511616e-02
2.402000000000000000e+03 1.170515090598491827e-02
2.403000000000000000e+03 1.196173358192282633e-02
2.404000000000000000e+03 1.221807421186059221e-02
2.405000000000000000e+03 1.247395072305777092e-02
2.406000000000000000e+03 1.272947229111588176e-02
2.407000000000000000e+03 1.298463845618636620e-02
2.408000000000000000e+03 1.323944875820132552e-02
2.409000000000000000e+03 1.349390273687347576e-02
2.410000000000000000e+03 1.374799993169612163e-02
2.410732910156250000e+03 1.393391447551109094e-02
2.411000000000000000e+03 1.404673034417357538e-02
2.412000000000000000e+03 1.446874584204603693e-02
2.413000000000000000e+03 1.489017090293948478e-02
2.414000000000000000e+03 1.531100478693380069e-02
2.415000000000000000e+03 1.573124503899889226e-02
2.416000000000000000e+03 1.615104217375906703e-02
2.417000000000000000e+03 1.657010186287296433e-02
2.418000000000000000e+03 1.698856740604719195e-02
2.419000000000000000e+03 1.740643806167410310e-02
2.420000000000000000e+03 1.782371308780946600e-02
2.420735107421875000e+03 1.812997882718687601e-02
2.421000000000000000e+03 1.828077263125667956e-02
2.422000000000000000e+03 1.884952131639011305e-02
2.423000000000000000e+03 1.941745448589575831e-02
2.424000000000000000e+03 1.998457115079523352e-02
2.425000000000000000e+03 2.055087032168043462e-02
2.426000000000000000e+03 2.111635100871341389e-02
2.427000000000000000e+03 2.168101222162641464e-02
2.428000000000000000e+03 2.224485296972171858e-02
2.429000000000000000e+03 2.280787226187170127e-02
2.430000000000000000e+03 2.337006910651867261e-02
2.430737548828125000e+03 2.378160545745992144e-02
2.431000000000000000e+03 2.394417776074650103e-02
2.432000000000000000e+03 2.456292549730944297e-02
2.433000000000000000e+03 2.518057878462343774e-02
2.434000000000000000e+03 2.579713699684545863e-02
2.435000000000000000e+03 2.641259950805888157e-02
2.436000000000000000e+03 2.702671865279728317e-02
2.437000000000000000e+03 2.763998229912797977e-02
2.438000000000000000e+03 2.825214837720737074e-02
2.439000000000000000e+03 2.886321626082789804e-02
2.440000000000000000e+03 2.947318532370872893e-02
2.440739746093750000e+03 2.992359980791769319e-02
2.441000000000000000e+03 3.007324331055246172e-02
2.442000000000000000e+03 3.064757328560102634e-02
2.443000000000000000e+03 3.122085471151221300e-02
2.444000000000000000e+03 3.179308700900057572e-02
2.445000000000000000e+03 3.236426959872143461e-02
2.446000000000000000e+03 3.293440190127079614e-02
2.447000000000000000e+03 3.350348333718553007e-02
2.448000000000000000e+03 3.407120220079571521e-02
2.449000000000000000e+03 3.463817501337932564e-02
2.450000000000000000e+03 3.520409523104011534e-02
2.450742187500000000e+03 3.562333591609825184e-02
2.451000000000000000e+03 3.576740181296868271e-02
2.452000000000000000e+03 3.632554358112981968e-02
2.453000000000000000e+03 3.688263661946097893e-02
2.454000000000000000e+03 3.743868036513166991e-02
2.455000000000000000e+03 3.799367425526117836e-02
2.456000000000000000e+03 3.854726595470696349e-02
2.457000000000000000e+03 3.910015342867040333e-02
2.458000000000000000e+03 3.965198936856680068e-02
2.459000000000000000e+03 4.020277321131758563e-02
2.460000000000000000e+03 4.075250439379415890e-02
2.460744384765625000e+03 4.116096059063273360e-02
2.461000000000000000e+03 4.133753184560861466e-02
2.462000000000000000e+03 4.202709522492333039e-02
2.463000000000000000e+03 4.271572432645565770e-02
2.464000000000000000e+03 4.340304137819277902e-02
2.465000000000000000e+03 4.408904568886409803e-02
2.466000000000000000e+03 4.477373656714335459e-02
2.467000000000000000e+03 4.545669886215210342e-02
2.468000000000000000e+03 4.613875461715395004e-02
2.469000000000000000e+03 4.681949487845714353e-02
2.470000000000000000e+03 4.749891895451668899e-02
2.470746582031250000e+03 4.800526973669826808e-02
2.471000000000000000e+03 4.824970097492436993e-02
2.472000000000000000e+03 4.921263839617687902e-02
2.473000000000000000e+03 5.017417677741303067e-02
2.474000000000000000e+03 5.113387537649063258e-02
2.475000000000000000e+03 5.209173323222037605e-02
2.476000000000000000e+03 5.304726606316492038e-02
2.477000000000000000e+03 5.400143089511246636e-02
2.478000000000000000e+03 5.495375211791541509e-02
2.479000000000000000e+03 5.590422877009550151e-02
2.480000000000000000e+03 5.685234206631437082e-02
2.480749023437500000e+03 5.756168086891445129e-02
2.481000000000000000e+03 5.787656391547411211e-02
2.482000000000000000e+03 5.912968633015766584e-02
2.483000000000000000e+03 6.037984567212763276e-02
2.484000000000000000e+03 6.162812900651157971e-02
2.485000000000000000e+03 6.287399659509722294e-02
2.486000000000000000e+03 6.411686346317439777e-02
2.487000000000000000e+03 6.535788453021229572e-02
2.488000000000000000e+03 6.659648609464090263e-02
2.489000000000000000e+03 6.783266689604897093e-02
2.490000000000000000e+03 6.906579710468128963e-02
2.490751220703125000e+03 6.999109025597854972e-02
2.491000000000000000e+03 7.033477912123425879e-02
2.492000000000000000e+03 7.171459361037108016e-02
2.493000000000000000e+03 7.309104082028336502e-02
2.494000000000000000e+03 7.446543697417369601e-02
2.495000000000000000e+03 7.583712808410038309e-02
2.496000000000000000e+03 7.720541041512520020e-02
2.497000000000000000e+03 7.857167481046449520e-02
2.498000000000000000e+03 7.993450290206804976e-02
2.499000000000000000e+03 8.129533501330729606e-02
2.500000000000000000e+03 8.265345503871010524e-02
2.500753662109375000e+03 8.366016575984965009e-02
2.501000000000000000e+03 8.395906129080746294e-02
2.502000000000000000e+03 8.517124711631324230e-02
2.503000000000000000e+03 8.638033335902771392e-02
2.504000000000000000e+03 8.758552217426575359e-02
2.505000000000000000e+03 8.878839357387265097e-02
2.506000000000000000e+03 8.998734266148146477e-02
2.507000000000000000e+03 9.118399292620950336e-02
2.508000000000000000e+03 9.237753565346365492e-02
2.509000000000000000e+03 9.356711895099259491e-02
2.510000000000000000e+03 9.475443107383056673e-02
2.510756103515625000e+03 9.564963348164944035e-02
2.511000000000000000e+03 9.586890293982601452e-02
2.512000000000000000e+03 9.676728287520312832e-02
2.513000000000000000e+03 9.766233730725458473e-02
2.514000000000000000e+03 9.855583137896402335e-02
2.515000000000000000e+03 9.944688465356382734e-02
2.516000000000000000e+03 1.003345845651546914e-01
2.517000000000000000e+03 1.012207444499198250e-01
2.518000000000000000e+03 1.021035325232872298e-01
2.519000000000000000e+03 1.029847940153385544e-01
2.520000000000000000e+03 1.038626653411866274e-01
2.520758300781250000e+03 1.045276574017721949e-01
2.521000000000000000e+03 1.046873674715253638e-01
2.522000000000000000e+03 1.053459933357435985e-01
2.523000000000000000e+03 1.060036392699749280e-01
2.524000000000000000e+03 1.066583856694388460e-01
2.525000000000000000e+03 1.073121619227413726e-01
2.526000000000000000e+03 1.079630365962035571e-01
2.527000000000000000e+03 1.086129275038754116e-01
2.528000000000000000e+03 1.092599149985718637e-01
2.529000000000000000e+03 1.099059399576194640e-01
2.530000000000000000e+03 1.105490244737698108e-01
2.530760498046875000e+03 1.110377763810886514e-01
2.531000000000000000e+03 1.111801083333220641e-01
2.532000000000000000e+03 1.117722488557597177e-01
2.533000000000000000e+03 1.123635762288850148e-01
2.534000000000000000e+03 1.129520563862055488e-01
2.535000000000000000e+03 1.135397320467319837e-01
2.536000000000000000e+03 1.141245480892366798e-01
2.537000000000000000e+03 1.147075280622485149e-01
2.538000000000000000e+03 1.152897163947428777e-01
2.539000000000000000e+03 1.158690266444133976e-01
2.540000000000000000e+03 1.164475537310944997e-01
2.540762939453125000e+03 1.168871043076282756e-01
2.541000000000000000e+03 1.170301352964590313e-01
2.542000000000000000e+03 1.176333734678514376e-01
2.543000000000000000e+03 1.182336418681127627e-01
2.544000000000000000e+03 1.188320004168428173e-01
2.545000000000000000e+03 1.194295304511846789e-01
2.546000000000000000e+03 1.200240716951366526e-01
2.547000000000000000e+03 1.206177930660420755e-01
2.548000000000000000e+03 1.212085130509608921e-01
2.549000000000000000e+03 1.217973182958232564e-01
2.550000000000000000e+03 1.223853165021465544e-01
2.550765380859375000e+03 1.228333931233839410e-01
2.551000000000000000e+03 1.229640044257731685e-01
2.552000000000000000e+03 1.235195733072621815e-01
2.553000000000000000e+03 1.240744061326756048e-01
2.554000000000000000e+03 1.246262726947641730e-01
2.555000000000000000e+03 1.251774243684246057e-01
2.556000000000000000e+03 1.257255980202660328e-01
2.557000000000000000e+03 1.262719213406096330e-01
2.558000000000000000e+03 1.268175415111403859e-01
2.559000000000000000e+03 1.273601661609547464e-01
2.560000000000000000e+03 1.279009376248616270e-01
2.560767578125000000e+03 1.283158541060298863e-01
2.561000000000000000e+03 1.284055026926577414e-01
2.562000000000000000e+03 1.287891566318213332e-01
2.563000000000000000e+03 1.291713502269144498e-01
2.564000000000000000e+03 1.295520827292006016e-01
2.565000000000000000e+03 1.299325291017814354e-01
2.566000000000000000e+03 1.303103405053729624e-01
2.567000000000000000e+03 1.306866885557393110e-01
2.568000000000000000e+03 1.310627581749294612e-01
2.569000000000000000e+03 1.314361805638472880e-01
2.570000000000000000e+03 1.318081373383681587e-01
2.570770019531250000e+03 1.320937496003069811e-01
2.571000000000000000e+03 1.321320918331118366e-01
2.572000000000000000e+03 1.322994167289471834e-01
2.573000000000000000e+03 1.324646081131885533e-01
2.574000000000000000e+03 1.326288605965490475e-01
2.575000000000000000e+03 1.327933744020264040e-01
2.576000000000000000e+03 1.329557490397368924e-01
2.577000000000000000e+03 1.331171833425280060e-01
2.578000000000000000e+03 1.332776768351799090e-01
2.579000000000000000e+03 1.334384352136434582e-01
2.580000000000000000e+03 1.335970470066759341e-01
2.580772460937500000e+03 1.337191653434779415e-01
2.581000000000000000e+03 1.337178615646087143e-01
2.582000000000000000e+03 1.337118174302971141e-01
2.583000000000000000e+03 1.337052611567096927e-01
2.584000000000000000e+03 1.336994005779316153e-01
2.585000000000000000e+03 1.336918191231544484e-01
2.586000000000000000e+03 1.336837247774890491e-01
2.587000000000000000e+03 1.336751316680951096e-01
2.588000000000000000e+03 1.336660107914392492e-01
2.589000000000000000e+03 1.336575835350654051e-01
2.590000000000000000e+03 1.336474349541248718e-01
2.590774902343750000e+03 1.336394246535244634e-01
2.591000000000000000e+03 1.336138478330288482e-01
2.592000000000000000e+03 1.335000760058039082e-01
2.593000000000000000e+03 1.333860651247486817e-01
2.594000000000000000e+03 1.332718150884324160e-01
2.595000000000000000e+03 1.331585280148686046e-01
2.596000000000000000e+03 1.330437982412401854e-01
2.597000000000000000e+03 1.329288290060017252e-01
2.598000000000000000e+03 1.328136202076838912e-01
2.599000000000000000e+03 1.326981717448081632e-01
2.600000000000000000e+03 1.325824835158866677e-01
2.600777099609375000e+03 1.324775993948782982e-01
2.601000000000000000e+03 1.324331147826110222e-01
2.602000000000000000e+03 1.322346783147658467e-01
2.603000000000000000e+03 1.320349750733862126e-01
2.604000000000000000e+03 1.318352002047036287e-01
2.605000000000000000e+03 1.316353537021772158e-01
2.606000000000000000e+03 1.314354355592692314e-01
2.607000000000000000e+03 1.312354457694450693e-01
2.608000000000000000e+03 1.310353843261730655e-01
2.609000000000000000e+03 1.308352512229247755e-01
2.610000000000000000e+03 1.306350464531749467e-01
2.610779541015625000e+03 1.304790980800900058e-01
2.611000000000000000e+03 1.304188318677640956e-01
2.612000000000000000e+03 1.301455576776585632e-01
2.613000000000000000e+03 1.298736066929906952e-01
2.614000000000000000e+03 1.296006344450815473e-01
2.615000000000000000e+03 1.293278284984803739e-01
2.616000000000000000e+03 1.290551611797680631e-01
2.617000000000000000e+03 1.287826465164814693e-01
2.618000000000000000e+03 1.285102846257642484e-01
2.619000000000000000e+03 1.282380756247798181e-01
2.620000000000000000e+03 1.279660196307114972e-01
2.620781982421875000e+03 1.277535673159090890e-01
2.621000000000000000e+03 1.276763561785073386e-01
2.622000000000000000e+03 1.273224546988244166e-01
2.623000000000000000e+03 1.269689630834188454e-01
2.624000000000000000e+03 1.266158815937966087e-01
2.625000000000000000e+03 1.262632104915046849e-01
2.626000000000000000e+03 1.259109635408473538e-01
2.627000000000000000e+03 1.255591139593156824e-01
2.628000000000000000e+03 1.252076755500458605e-01
2.629000000000000000e+03 1.248566485747458904e-01
2.630000000000000000e+03 1.245060332951640758e-01
2.630784179687500000e+03 1.242360231567499751e-01
2.631000000000000000e+03 1.241456600870568944e-01
2.632000000000000000e+03 1.237273351939697091e-01
2.633000000000000000e+03 1.233096208710344616e-01
2.634000000000000000e+03 1.228925175917680024e-01
2.635000000000000000e+03 1.224760258298591004e-01
2.636000000000000000e+03 1.220601460591682064e-01
2.637000000000000000e+03 1.216448917886317344e-01
2.638000000000000000e+03 1.212302373772794067e-01
2.639000000000000000e+03 1.208161963798301819e-01
2.640000000000000000e+03 1.204027692708321412e-01
2.640786621093750000e+03 1.200772965120765062e-01
2.641000000000000000e+03 1.199838765554451653e-01
2.642000000000000000e+03 1.195475633019819073e-01
2.643000000000000000e+03 1.191119406317761864e-01
2.644000000000000000e+03 1.186770090779694919e-01
2.645000000000000000e+03 1.182427691738981990e-01
2.646000000000000000e+03 1.178092214530925552e-01
2.647000000000000000e+03 1.173763790178624644e-01
2.648000000000000000e+03 1.169442172177824757e-01
2.649000000000000000e+03 1.165127492028079359e-01
2.650000000000000000e+03 1.160819755072474285e-01
2.650789062500000000e+03 1.157426821085121987e-01
2.651000000000000000e+03 1.156570942164343585e-01
2.652000000000000000e+03 1.152506819332887178e-01
2.653000000000000000e+03 1.148459277042372106e-01
2.654000000000000000e+03 1.144417920144766149e-01
2.655000000000000000e+03 1.140382753472138216e-01
2.656000000000000000e+03 1.136353781858335521e-01
2.657000000000000000e+03 1.132331131302266591e-01
2.658000000000000000e+03 1.128314563876303966e-01
2.659000000000000000e+03 1.124294101905256721e-01
2.660000000000000000e+03 1.120289995171700609e-01
2.660791503906250000e+03 1.117126157984017765e-01
2.661000000000000000e+03 1.116402451339861268e-01
2.662000000000000000e+03 1.112934092775687833e-01
2.663000000000000000e+03 1.109470240910601369e-01
2.664000000000000000e+03 1.106010899382350587e-01
2.665000000000000000e+03 1.102546167340771877e-01
2.666000000000000000e+03 1.099096006641324813e-01
2.667000000000000000e+03 1.095650249244873725e-01
2.668000000000000000e+03 1.092209016705151664e-01
2.669000000000000000e+03 1.088772312666657915e-01
2.670000000000000000e+03 1.085330394350695893e-01
2.670793701171875000e+03 1.082610681979500750e-01
2.671000000000000000e+03 1.082033134661547075e-01
2.672000000000000000e+03 1.079235041934115125e-01
2.673000000000000000e+03 1.076439394496160051e-01
2.674000000000000000e+03 1.073646194508419000e-01
2.675000000000000000e+03 1.070845945583311365e-01
2.676000000000000000e+03 1.068057672393187413e-01
2.677000000000000000e+03 1.065271853115041245e-01
2.678000000000000000e+03 1.062488489912902928e-01
2.679000000000000000e+03 1.059698074679150948e-01
2.680000000000000000e+03 1.056919655739329417e-01
2.680796142578125000e+03 1.054710516637695633e-01
2.681000000000000000e+03 1.054203003699404895e-01
2.682000000000000000e+03 1.051714351371565159e-01
2.683000000000000000e+03 1.049217887422115719e-01
2.684000000000000000e+03 1.046732239098211725e-01
2.685000000000000000e+03 1.044248083623637996e-01
2.686000000000000000e+03 1.041756077746188308e-01
2.687000000000000000e+03 1.039274935325869426e-01
2.688000000000000000e+03 1.036795290170704903e-01
2.689000000000000000e+03 1.034317143759364843e-01
2.690000000000000000e+03 1.031831244438516648e-01
2.690798583984375000e+03 1.029855486737087655e-01
2.691000000000000000e+03 1.029321299277667773e-01
2.692000000000000000e+03 1.026670523180756023e-01
2.693000000000000000e+03 1.024012578519627598e-01
2.694000000000000000e+03 1.021365963752759454e-01
2.695000000000000000e+03 1.018721475289774137e-01
2.696000000000000000e+03 1.016070007035552447e-01
2.697000000000000000e+03 1.013429801328505075e-01
2.698000000000000000e+03 1.010791727735222412e-01
2.699000000000000000e+03 1.008146753046694627e-01
2.700000000000000000e+03 1.005513081040757817e-01
2.700801025390625000e+03 1.004688036693111436e-01
2.701000000000000000e+03 1.004380647879369037e-01
2.702000000000000000e+03 1.002827010649146172e-01
2.703000000000000000e+03 1.001282729088811690e-01
2.704000000000000000e+03 9.997298469587660719e-02
2.705000000000000000e+03 9.981862926252020596e-02
2.706000000000000000e+03 9.966430954876034920e-02
2.707000000000000000e+03 9.950914489209009006e-02
2.708000000000000000e+03 9.935489821018318735e-02
2.709000000000000000e+03 9.920068741196484685e-02
2.710000000000000000e+03 9.904562555825656422e-02
2.710803466796875000e+03 9.892184466308277802e-02
2.711000000000000000e+03 9.888297426078801466e-02
2.712000000000000000e+03 9.868434139658184556e-02
2.713000000000000000e+03 9.848664605809157035e-02
2.714000000000000000e+03 9.828813334708828842e-02
2.715000000000000000e+03 9.809054414480430917e-02
2.716000000000000000e+03 9.789300721648339088e-02
2.717000000000000000e+03 9.769464815551902326e-02
2.718000000000000000e+03 9.749721782808389026e-02
2.719000000000000000e+03 9.729896917476060780e-02
2.720000000000000000e+03 9.710164574326933529e-02
2.720805908203125000e+03 9.694201225453431825e-02
2.721000000000000000e+03 9.689950332415353529e-02
2.722000000000000000e+03 9.668140257241307489e-02
2.723000000000000000e+03 9.646248873772807209e-02
2.724000000000000000e+03 9.624450044831010798e-02
2.725000000000000000e+03 9.602657267084177550e-02
2.726000000000000000e+03 9.580784841842475419e-02
2.727000000000000000e+03 9.559004392681029472e-02
2.728000000000000000e+03 9.537144714600134798e-02
2.729000000000000000e+03 9.515377640521874292e-02
2.730000000000000000e+03 9.493530740243026622e-02
2.730808349609375000e+03 9.475950363609690619e-02
2.731000000000000000e+03 9.471890884948613865e-02
2.732000000000000000e+03 9.450628183007668548e-02
2.733000000000000000e+03 9.429456055704195372e-02
2.734000000000000000e+03 9.408205688869641925e-02
2.735000000000000000e+03 9.387045522242454254e-02
2.736000000000000000e+03 9.365808519485553651e-02
2.737000000000000000e+03 9.344576810904672848e-02
2.738000000000000000e+03 9.323434741475961074e-02
2.739000000000000000e+03 9.302215448499902284e-02
2.740000000000000000e+03 9.281085421085663589e-02
2.740810791015625000e+03 9.263898208535865930e-02
2.741000000000000000e+03 9.260499625649143418e-02
2.742000000000000000e+03 9.242623143852239653e-02
2.743000000000000000e+03 9.224669906669151487e-02
2.744000000000000000e+03 9.206802977643732677e-02
2.745000000000000000e+03 9.188858656500190070e-02
2.746000000000000000e+03 9.170919377735295419e-02
2.747000000000000000e+03 9.153066914149436684e-02
2.748000000000000000e+03 9.135137574768437130e-02
2.749000000000000000e+03 9.117295702914619826e-02
2.750000000000000000e+03 9.099376327749447713e-02
2.750812988281250000e+03 9.084883861453484089e-02
2.751000000000000000e+03 9.082113915009383531e-02
2.752000000000000000e+03 9.067223450212730240e-02
2.753000000000000000e+03 9.052336849887036851e-02
2.754000000000000000e+03 9.037534816042008812e-02
2.755000000000000000e+03 9.022656781840315832e-02
2.756000000000000000e+03 9.007862088477466833e-02
2.757000000000000000e+03 8.992990722290199190e-02
2.758000000000000000e+03 8.978123247415191466e-02
2.759000000000000000e+03 8.963339676982180759e-02
2.760000000000000000e+03 8.948479863173965099e-02
2.760815673828125000e+03 8.936368831990583461e-02
2.761000000000000000e+03 8.933637165776187050e-02
2.762000000000000000e+03 8.918898366939541356e-02
2.763000000000000000e+03 8.904083717802303843e-02
2.764000000000000000e+03 8.889272956423845129e-02
2.765000000000000000e+03 8.874545272302854226e-02
2.766000000000000000e+03 8.859742165541073522e-02
2.767000000000000000e+03 8.844943902111400413e-02
2.768000000000000000e+03 8.830227380198525655e-02
2.769000000000000000e+03 8.815435862859206939e-02
2.770000000000000000e+03 8.800648265633113920e-02
2.770818115234375000e+03 8.788620985433309718e-02
2.771000000000000000e+03 8.785401279511093064e-02
2.772000000000000000e+03 8.767624018143803377e-02
2.773000000000000000e+03 8.749851882846791662e-02
2.774000000000000000e+03 8.732163675268607428e-02
2.775000000000000000e+03 8.714401647140811169e-02
2.776000000000000000e+03 8.696644765360549145e-02
2.777000000000000000e+03 8.678893036670223826e-02
2.778000000000000000e+03 8.661223683197226408e-02
2.779000000000000000e+03 8.643482117957615452e-02
2.780000000000000000e+03 8.625746641469710096e-02
2.780820312500000000e+03 8.611203429066990878e-02
2.781000000000000000e+03 8.607244367730128298e-02
2.782000000000000000e+03 8.585291929694548185e-02
2.783000000000000000e+03 8.563269695821636163e-02
2.784000000000000000e+03 8.541254394614694601e-02
2.785000000000000000e+03 8.519246938534651148e-02
2.786000000000000000e+03 8.497321241454519614e-02
2.787000000000000000e+03 8.475326587390905053e-02
2.788000000000000000e+03 8.453338900906118281e-02
2.789000000000000000e+03 8.431358190715400325e-02
2.790000000000000000e+03 8.409459378400645224e-02
2.790822998046875000e+03 8.391385433838108310e-02
2.791000000000000000e+03 8.386596206079026394e-02
2.792000000000000000e+03 8.359543156325516255e-02
2.793000000000000000e+03 8.332499163826211086e-02
2.794000000000000000e+03 8.305464239632651124e-02
2.795000000000000000e+03 8.278512117552835892e-02
2.796000000000000000e+03 8.251495117976147264e-02
2.797000000000000000e+03 8.224488091814520507e-02
2.798000000000000000e+03 8.197489303590171916e-02
2.799000000000000000e+03 8.170499639110637147e-02
2.800000000000000000e+03 8.143591607485735351e-02
2.800825195312500000e+03 8.126197484327772613e-02
2.801000000000000000e+03 8.122005606375516662e-02
2.802000000000000000e+03 8.098009688904195258e-02
2.803000000000000000e+03 8.073984940772793717e-02
2.804000000000000000e+03 8.049932208430984892e-02
2.805000000000000000e+03 8.025851477593332062e-02
2.806000000000000000e+03 8.001813942608758390e-02
2.807000000000000000e+03 7.977676952693517343e-02
2.808000000000000000e+03 7.953512763676258424e-02
2.809000000000000000e+03 7.929319673638289545e-02
2.810000000000000000e+03 7.905098513383364278e-02
2.810827880859375000e+03 7.885028253283199451e-02
2.811000000000000000e+03 7.880966639334509305e-02
2.812000000000000000e+03 7.857352867969685795e-02
2.813000000000000000e+03 7.833712474459629538e-02
2.814000000000000000e+03 7.810113250609249103e-02
2.815000000000000000e+03 7.786416864445026842e-02
2.816000000000000000e+03 7.762692984279613573e-02
2.817000000000000000e+03 7.738941596075948892e-02
2.818000000000000000e+03 7.715163502529240325e-02
2.819000000000000000e+03 7.691357053549065237e-02
2.820000000000000000e+03 7.667523054389788206e-02
2.820830078125000000e+03 7.647719102593121543e-02
2.821000000000000000e+03 7.644284769887399467e-02
2.822000000000000000e+03 7.624059608524590137e-02
2.823000000000000000e+03 7.603811453399685061e-02
2.824000000000000000e+03 7.583538680731137516e-02
2.825000000000000000e+03 7.563242085218181698e-02
2.826000000000000000e+03 7.542921654664297426e-02
2.827000000000000000e+03 7.522577376869046817e-02
2.828000000000000000e+03 7.502275910418212956e-02
2.829000000000000000e+03 7.481884507667510564e-02
2.830000000000000000e+03 7.461468427159188843e-02
2.830832519531250000e+03 7.443800320223210865e-02
2.831000000000000000e+03 7.441237868613967410e-02
2.832000000000000000e+03 7.425929326240911232e-02
2.833000000000000000e+03 7.410606935369293269e-02
2.834000000000000000e+03 7.395269122839152887e-02
2.835000000000000000e+03 7.379916670105388099e-02
2.836000000000000000e+03 7.364549573195210141e-02
2.837000000000000000e+03 7.349167828135792779e-02
2.838000000000000000e+03 7.333772206345594291e-02
2.839000000000000000e+03 7.318361151391630792e-02
2.840000000000000000e+03 7.302935436368343525e-02
2.840835205078125000e+03 7.290041523530330081e-02
2.841000000000000000e+03 7.288515993580536867e-02
2.842000000000000000e+03 7.279253274838617949e-02
2.843000000000000000e+03 7.269981746659059940e-02
2.844000000000000000e+03 7.260699868552822345e-02
2.845000000000000000e+03 7.251408407312234794e-02
2.846000000000000000e+03 7.242043073442752665e-02
2.847000000000000000e+03 7.232732524633254945e-02
2.848000000000000000e+03 7.223413148088370095e-02
2.849000000000000000e+03 7.214083413618875562e-02
2.850000000000000000e+03 7.204744082869155020e-02
2.850837646484375000e+03 7.196914647899636808e-02
2.851000000000000000e+03 7.196004109446862973e-02
2.852000000000000000e+03 7.190391946574034576e-02
2.853000000000000000e+03 7.184774013699746220e-02
2.854000000000000000e+03 7.179148790464574825e-02
2.855000000000000000e+03 7.173517034604591502e-02
2.856000000000000000e+03 7.167878744277332570e-02
2.857000000000000000e+03 7.162233917640305203e-02
2.858000000000000000e+03 7.156583308576687508e-02
2.859000000000000000e+03 7.150925403148253312e-02
2.860000000000000000e+03 7.145197583212171966e-02
2.860840087890625000e+03 7.140432932768010776e-02
2.861000000000000000e+03 7.139697772795013109e-02
2.862000000000000000e+03 7.135097968118059297e-02
2.863000000000000000e+03 7.130491748106690397e-02
2.864000000000000000e+03 7.125879864961016941e-02
2.865000000000000000e+03 7.121262317072009351e-02
2.866000000000000000e+03 7.116639102830622787e-02
2.867000000000000000e+03 7.112010971234430934e-02
2.868000000000000000e+03 7.107313412955629239e-02
2.869000000000000000e+03 7.102673234501677424e-02
2.870000000000000000e+03 7.098027383303043281e-02
2.870842529296875000e+03 7.094108343234946379e-02
2.871000000000000000e+03 7.093065017722034737e-02
2.872000000000000000e+03 7.086434530786521468e-02
2.873000000000000000e+03 7.079796755828070276e-02
2.874000000000000000e+03 7.073089010996980175e-02
2.875000000000000000e+03 7.066436716742481583e-02
2.876000000000000000e+03 7.059777873134946702e-02
2.877000000000000000e+03 7.053110988015200145e-02
2.878000000000000000e+03 7.046436804797354125e-02
2.879000000000000000e+03 7.039755321455058723e-02
2.880000000000000000e+03 7.033004975652903945e-02
2.880844970703125000e+03 7.027345578459825992e-02
2.881000000000000000e+03 7.025639025975831398e-02
2.882000000000000000e+03 7.014624846174757899e-02
2.883000000000000000e+03 7.003599851715132385e-02
2.884000000000000000e+03 6.992564039666993025e-02
2.885000000000000000e+03 6.981456316373883808e-02
2.886000000000000000e+03 6.970398960889703788e-02
2.887000000000000000e+03 6.959330779109233756e-02
2.888000000000000000e+03 6.948251768102406412e-02
2.889000000000000000e+03 6.937101236830407747e-02
2.890000000000000000e+03 6.926000659440777196e-02
2.890847412109375000e+03 6.916586392677193107e-02
2.891000000000000000e+03 6.914257661587379367e-02
2.892000000000000000e+03 6.898987895106745150e-02
2.893000000000000000e+03 6.883643700671404630e-02
2.894000000000000000e+03 6.868345624130217653e-02
2.895000000000000000e+03 6.853033318194133583e-02
2.896000000000000000e+03 6.837706779053889794e-02
2.897000000000000000e+03 6.822305628800330590e-02
2.898000000000000000e+03 6.806951468509367387e-02
2.899000000000000000e+03 6.791582344954508188e-02
2.900000000000000000e+03 6.776139018116758561e-02
2.900849853515625000e+03 6.765434529205530123e-02
2.901000000000000000e+03 6.763081810551629935e-02
2.902000000000000000e+03 6.747393680966390361e-02
2.903000000000000000e+03 6.731671181076633037e-02
2.904000000000000000e+03 6.715855605217183055e-02
2.905000000000000000e+03 6.700065900901851224e-02
2.906000000000000000e+03 6.684243210893202336e-02
2.907000000000000000e+03 6.668327138703480927e-02
2.908000000000000000e+03 6.652436476509439311e-02
2.909000000000000000e+03 6.636512093268094603e-02
2.910000000000000000e+03 6.620496132149657209e-02
2.910852294921875000e+03 6.606868655252122469e-02
2.911000000000000000e+03 6.604508615782923864e-02
2.912000000000000000e+03 6.588511218680781489e-02
2.913000000000000000e+03 6.572421995856329857e-02
2.914000000000000000e+03 6.556357987957178723e-02
2.915000000000000000e+03 6.540259549466564959e-02
2.916000000000000000e+03 6.524069691422790251e-02
2.917000000000000000e+03 6.507903889936474118e-02
2.918000000000000000e+03 6.491647624231290659e-02
2.919000000000000000e+03 6.475414416739692924e-02
2.920000000000000000e+03 6.459147417997478102e-02
2.920854736328125000e+03 6.445165187495566217e-02
2.921000000000000000e+03 6.443028269198908253e-02
2.922000000000000000e+03 6.428356797027875991e-02
2.923000000000000000e+03 6.413598217718328998e-02
2.924000000000000000e+03 6.398864645504281912e-02
2.925000000000000000e+03 6.384099942883667000e-02
2.926000000000000000e+03 6.369248501207201707e-02
2.927000000000000000e+03 6.354421641428781298e-02
2.928000000000000000e+03 6.339507622682422072e-02
2.929000000000000000e+03 6.324618569444746818e-02
2.930000000000000000e+03 6.309698337651668820e-02
2.930857421875000000e+03 6.296830802652028658e-02
2.931000000000000000e+03 6.294966138499653863e-02
2.932000000000000000e+03 6.281926867333241515e-02
2.933000000000000000e+03 6.268804171728367680e-02
2.934000000000000000e+03 6.255708879891715146e-02
2.935000000000000000e+03 6.242531040888077420e-02
2.936000000000000000e+03 6.229379692898819737e-02
2.937000000000000000e+03 6.216145363548188779e-02
2.938000000000000000e+03 6.202938578683703241e-02
2.939000000000000000e+03 6.189703023186603897e-02
2.940000000000000000e+03 6.176384820966936834e-02
2.940859863281250000e+03 6.164954873998929052e-02
2.941000000000000000e+03 6.163212045160273295e-02
2.942000000000000000e+03 6.150706526253780365e-02
2.943000000000000000e+03 6.138228012450497317e-02
2.944000000000000000e+03 6.125668681419400158e-02
2.945000000000000000e+03 6.113136760019003552e-02
2.946000000000000000e+03 6.100524873959182331e-02
2.947000000000000000e+03 6.087939511311618590e-02
2.948000000000000000e+03 6.075273755731443875e-02
2.949000000000000000e+03 6.062634920903273161e-02
2.950000000000000000e+03 6.049916542025684379e-02
2.950862304687500000e+03 6.038970864037515596e-02
2.951000000000000000e+03 6.037173017892499827e-02
2.952000000000000000e+03 6.024047612890657405e-02
2.953000000000000000e+03 6.010948093710566376e-02
2.954000000000000000e+03 5.997768922127913460e-02
2.955000000000000000e+03 5.984561968848599312e-02
2.956000000000000000e+03 5.971380520107477663e-02
2.957000000000000000e+03 5.958119122873774265e-02
2.958000000000000000e+03 5.944883598864734997e-02
2.959000000000000000e+03 5.931567724368485423e-02
2.960000000000000000e+03 5.918276842703378698e-02
2.960864746093750000e+03 5.906714479659565947e-02
2.961000000000000000e+03 5.904527329368919331e-02
2.962000000000000000e+03 5.888390021514235823e-02
2.963000000000000000e+03 5.872169111480926573e-02
2.964000000000000000e+03 5.855916648883464914e-02
2.965000000000000000e+03 5.839684712651977555e-02
2.966000000000000000e+03 5.823368969959414471e-02
2.967000000000000000e+03 5.807072829454198309e-02
2.968000000000000000e+03 5.790693771759659880e-02
2.969000000000000000e+03 5.774283722281857434e-02
2.970000000000000000e+03 5.757892198525541710e-02
2.970867187500000000e+03 5.743603019059393550e-02
2.971000000000000000e+03 5.740948678372871650e-02
2.972000000000000000e+03 5.720992507363473895e-02
2.973000000000000000e+03 5.700949341014704269e-02
2.974000000000000000e+03 5.680868558752218828e-02
2.975000000000000000e+03 5.660800620532471100e-02
2.976000000000000000e+03 5.640646187181794918e-02
2.977000000000000000e+03 5.620454113183116773e-02
2.978000000000000000e+03 5.600274310612669837e-02
2.979000000000000000e+03 5.580007930761612250e-02
2.980000000000000000e+03 5.559705055740770535e-02
2.980869628906250000e+03 5.542057758474476514e-02
2.981000000000000000e+03 5.539168022748134496e-02
2.982000000000000000e+03 5.516931186233107326e-02
2.983000000000000000e+03 5.494654993248085373e-02
2.984000000000000000e+03 5.472386464502177611e-02
2.985000000000000000e+03 5.450029595834792601e-02
2.986000000000000000e+03 5.427632761410650097e-02
2.987000000000000000e+03 5.405244103685832857e-02
2.988000000000000000e+03 5.382767102042070734e-02
2.989000000000000000e+03 5.360250101368174008e-02
2.990000000000000000e+03 5.337740075469762230e-02
2.990872314453125000e+03 5.318028535710255661e-02
2.991000000000000000e+03 5.315017161930426365e-02
2.992000000000000000e+03 5.291408914734745811e-02
2.993000000000000000e+03 5.267805531431170307e-02
2.994000000000000000e+03 5.244114616272421703e-02
2.995000000000000000e+03 5.220381628650490324e-02
2.996000000000000000e+03 5.196607109169936595e-02
2.997000000000000000e+03 5.172836562151469919e-02
2.998000000000000000e+03 5.148979272015349884e-02
2.999000000000000000e+03 5.125079873868100544e-02
3.000000000000000000e+03 5.101138898245136805e-02
3.000874755859375000e+03 5.076942898254132447e-02
3.001000000000000000e+03 5.073447920942963929e-02
3.002000000000000000e+03 5.045496557263327159e-02
3.003000000000000000e+03 5.017543677178450817e-02
3.004000000000000000e+03 4.989589804403874590e-02
3.005000000000000000e+03 4.961677530799839947e-02
3.006000000000000000e+03 4.933719857900878414e-02
3.007000000000000000e+03 4.905760673631701096e-02
3.008000000000000000e+03 4.877800489891109120e-02
3.009000000000000000e+03 4.849880929549545139e-02
3.010000000000000000e+03 4.821916967628511741e-02
3.010877197265625000e+03 4.797383498485845860e-02
3.011000000000000000e+03 4.793607453456042583e-02
3.012000000000000000e+03 4.762857182065997896e-02
3.013000000000000000e+03 4.732105305727935668e-02
3.014000000000000000e+03 4.701393154748590569e-02
3.015000000000000000e+03 4.670638288898199680e-02
3.016000000000000000e+03 4.639881330245890917e-02
3.017000000000000000e+03 4.609122772183932293e-02
3.018000000000000000e+03 4.578363095128498012e-02
3.019000000000000000e+03 4.547641305596428207e-02
3.020000000000000000e+03 4.516877681900115932e-02
3.020879638671875000e+03 4.489811590320258450e-02
3.021000000000000000e+03 4.484884159390280928e-02
3.022000000000000000e+03 4.443944841292519349e-02
3.023000000000000000e+03 4.403003042371985559e-02
3.024000000000000000e+03 4.362059233641125272e-02
3.025000000000000000e+03 4.321113868884991771e-02
3.026000000000000000e+03 4.280203643649733991e-02
3.027000000000000000e+03 4.239253450495104880e-02
3.028000000000000000e+03 4.198301693930335532e-02
3.029000000000000000e+03 4.157347493428153323e-02
3.030000000000000000e+03 4.116391294162732167e-02
3.030882080078125000e+03 4.080242851712107682e-02
3.031000000000000000e+03 4.073243464986256446e-02
3.032000000000000000e+03 4.013884706543615483e-02
3.033000000000000000e+03 3.954523778190746630e-02
3.034000000000000000e+03 3.895194886979137794e-02
3.035000000000000000e+03 3.835829503220920117e-02
3.036000000000000000e+03 3.776461548909775673e-02
3.037000000000000000e+03 3.717091433421122748e-02
3.038000000000000000e+03 3.657719541224671578e-02
3.039000000000000000e+03 3.598345103680179735e-02
3.040000000000000000e+03 3.538968511483769203e-02
3.040884765625000000e+03 3.486430169704118898e-02
3.041000000000000000e+03 3.477575429853014405e-02
3.042000000000000000e+03 3.400732459090302640e-02
3.043000000000000000e+03 3.323886846632538583e-02
3.044000000000000000e+03 3.247038934552608225e-02
3.045000000000000000e+03 3.170188039082763587e-02
3.046000000000000000e+03 3.093361656704295831e-02
3.047000000000000000e+03 3.016504821644285309e-02
3.048000000000000000e+03 2.939645666062157617e-02
3.049000000000000000e+03 2.862783570563972105e-02
3.050000000000000000e+03 2.785918853085092919e-02
3.050887207031250000e+03 2.717721170079578571e-02
3.051000000000000000e+03 2.708657421042664354e-02
3.052000000000000000e+03 2.628298253303946314e-02
3.053000000000000000e+03 2.547936409998904916e-02
3.054000000000000000e+03 2.467572151747963669e-02
3.055000000000000000e+03 2.387204957711781123e-02
3.056000000000000000e+03 2.306835096917828065e-02
3.057000000000000000e+03 2.226462804772277176e-02
3.058000000000000000e+03 2.146087610869367238e-02
3.059000000000000000e+03 2.065709759020505423e-02
3.060000000000000000e+03 1.985329252163488267e-02
3.060889648437500000e+03 1.913816276314731293e-02
3.061000000000000000e+03 1.906438673224426089e-02
3.062000000000000000e+03 1.839581824112778569e-02
3.063000000000000000e+03 1.772722811901615916e-02
3.064000000000000000e+03 1.705861817079361298e-02
3.065000000000000000e+03 1.638998479006069028e-02
3.066000000000000000e+03 1.572132985159018989e-02
3.067000000000000000e+03 1.505265495065805613e-02
3.068000000000000000e+03 1.438395690012351548e-02
3.069000000000000000e+03 1.371511714995112333e-02
3.070000000000000000e+03 1.304638338379539818e-02
3.070892089843750000e+03 1.244978788640731422e-02
3.071000000000000000e+03 1.239916247300647950e-02
3.072000000000000000e+03 1.193001028569671759e-02
3.073000000000000000e+03 1.146084471130000282e-02
3.074000000000000000e+03 1.099166332661137384e-02
3.075000000000000000e+03 1.052246739341185407e-02
3.076000000000000000e+03 1.005325797746127806e-02
3.077000000000000000e+03 9.584032949595713835e-03
3.078000000000000000e+03 9.114793424579508210e-03
3.079000000000000000e+03 8.645540321199384967e-03
3.080000000000000000e+03 8.176271804267123966e-03
3.080894775390625000e+03 7.756365101273688528e-03
3.081000000000000000e+03 7.724995394140505948e-03
3.082000000000000000e+03 7.426804854693644375e-03
3.083000000000000000e+03 7.128672377032894449e-03
3.084000000000000000e+03 6.830531109420607920e-03
3.085000000000000000e+03 6.532381743781743091e-03
3.086000000000000000e+03 6.234222897715609515e-03
3.087000000000000000e+03 5.936055294272333041e-03
3.088000000000000000e+03 5.637879532027025020e-03
3.089000000000000000e+03 5.339694415297318968e-03
3.090000000000000000e+03 5.041456432520160028e-03
3.090897216796875000e+03 4.773904443044053522e-03
3.091000000000000000e+03 4.755395649543561233e-03
3.092000000000000000e+03 4.575316321204108728e-03
3.093000000000000000e+03 4.395231959144068300e-03
3.094000000000000000e+03 4.215143009176895543e-03
3.095000000000000000e+03 4.035048580519800913e-03
3.096000000000000000e+03 3.854949137779265737e-03
3.097000000000000000e+03 3.674812906541800785e-03
3.098000000000000000e+03 3.494705014490177581e-03
3.099000000000000000e+03 3.314592127877445064e-03
3.100000000000000000e+03 3.134474579802921327e-03
3.100899658203125000e+03 2.972424505175182922e-03
3.101000000000000000e+03 2.961524857855816865e-03
3.102000000000000000e+03 2.852873097805609659e-03
3.103000000000000000e+03 2.744244631859743197e-03
3.104000000000000000e+03 2.635612965562387274e-03
3.105000000000000000e+03 2.526978400041554173e-03
3.106000000000000000e+03 2.418341191107581216e-03
3.107000000000000000e+03 2.309680622367811954e-03
3.108000000000000000e+03 2.201038322936355821e-03
3.109000000000000000e+03 2.092393357873612372e-03
3.110000000000000000e+03 1.983745284026641048e-03
3.110902099609375000e+03 1.885730868216180982e-03
3.111000000000000000e+03 1.879312438585883926e-03
3.112000000000000000e+03 1.813735015326107917e-03
3.113000000000000000e+03 1.748172137072069284e-03
3.114000000000000000e+03 1.682607564945187012e-03
3.115000000000000000e+03 1.617041469659917996e-03
3.116000000000000000e+03 1.551459943952338211e-03
3.117000000000000000e+03 1.485890871669927771e-03
3.118000000000000000e+03 1.420320262821106764e-03
3.119000000000000000e+03 1.354735973080345175e-03
3.120000000000000000e+03 1.289162421788670777e-03
3.120904785156250000e+03 1.229830747793779055e-03
3.121000000000000000e+03 1.225930741185062836e-03
3.122000000000000000e+03 1.184969982865932431e-03
3.123000000000000000e+03 1.143998320561431586e-03
3.124000000000000000e+03 1.103035871466998431e-03
3.125000000000000000e+03 1.062072402038786436e-03
3.126000000000000000e+03 1.021099095841225936e-03
3.127000000000000000e+03 9.801339444080459096e-04
3.128000000000000000e+03 9.391677770693888450e-04
3.129000000000000000e+03 8.982006887495075538e-04
3.130000000000000000e+03 8.572249993537742847e-04
3.130907226562500000e+03 8.200567720031543256e-04
3.131000000000000000e+03 8.177005232841434278e-04
3.132000000000000000e+03 7.923023896356127735e-04
3.133000000000000000e+03 7.668968580624735973e-04
3.134000000000000000e+03 7.414976370966415344e-04
3.135000000000000000e+03 7.160978797128748777e-04
3.136000000000000000e+03 6.906914017656786732e-04
3.137000000000000000e+03 6.652905704358713038e-04
3.138000000000000000e+03 6.398891974967191049e-04
3.139000000000000000e+03 6.144817811929577074e-04
3.140000000000000000e+03 5.890794089266952966e-04
3.140909912109375000e+03 5.659648935725797173e-04
3.141000000000000000e+03 5.644157009712116001e-04
3.142000000000000000e+03 5.472142405585393114e-04
3.143000000000000000e+03 5.300173538926933933e-04
3.144000000000000000e+03 5.128155225525610249e-04
3.145000000000000000e+03 4.956179102434942483e-04
3.146000000000000000e+03 4.784199390107010653e-04
3.147000000000000000e+03 4.612174814845612452e-04
3.148000000000000000e+03 4.440187936618108762e-04
3.149000000000000000e+03 4.268160173627608069e-04
3.150000000000000000e+03 4.096166651249570265e-04
3.150912353515625000e+03 3.939243099262262622e-04
3.151000000000000000e+03 3.930027999764031436e-04
3.152000000000000000e+03 3.824854283426365421e-04
3.153000000000000000e+03 3.719712038806924598e-04
3.154000000000000000e+03 3.614536202000629881e-04
3.155000000000000000e+03 3.509390027400858636e-04
3.156000000000000000e+03 3.404241439280743524e-04
3.157000000000000000e+03 3.299061995139882116e-04
3.158000000000000000e+03 3.193909499533714074e-04
3.159000000000000000e+03 3.088727650778933117e-04
3.160000000000000000e+03 2.983571583482456653e-04
3.160914794921875000e+03 2.887348600888540507e-04
3.161000000000000000e+03 2.880563273373864933e-04
3.162000000000000000e+03 2.800952273633865891e-04
3.163000000000000000e+03 2.721316079307449162e-04
3.164000000000000000e+03 2.641702296592515634e-04
3.165000000000000000e+03 2.562087048983124741e-04
3.166000000000000000e+03 2.482448145478882359e-04
3.167000000000000000e+03 2.402829865838114465e-04
3.168000000000000000e+03 2.323189842664292592e-04
3.169000000000000000e+03 2.243568808354237426e-04
3.170000000000000000e+03 2.163927185863547648e-04
3.170917236328125000e+03 2.090893002038120892e-04
3.171000000000000000e+03 2.085652941627661057e-04
3.172000000000000000e+03 2.022320841086740976e-04
3.173000000000000000e+03 1.959005810278335847e-04
3.174000000000000000e+03 1.895672721335252915e-04
3.175000000000000000e+03 1.832355397239720748e-04
3.176000000000000000e+03 1.769021518877785806e-04
3.177000000000000000e+03 1.705702113829561846e-04
3.178000000000000000e+03 1.642367081042962317e-04
3.179000000000000000e+03 1.579045774469358602e-04
3.180000000000000000e+03 1.515709779663020301e-04
3.180919921875000000e+03 1.457445355152222331e-04
3.181000000000000000e+03 1.455050940203900624e-04
3.182000000000000000e+03 1.425162174783511666e-04
3.183000000000000000e+03 1.395260636253657508e-04
3.184000000000000000e+03 1.365371049466919590e-04
