2.946000000000000000e+03 2.133520299684693019e-05
2.947000000000000000e+03 2.341795580711232035e-05
2.948000000000000000e+03 2.550377452232494406e-05
2.949000000000000000e+03 2.759309175875801666e-05
2.950000000000000000e+03 2.968544309346805594e-05
2.950862304687500000e+03 3.149252599762042854e-05
2.951000000000000000e+03 3.212595251873043663e-05
2.952000000000000000e+03 3.672996472761463454e-05
2.953000000000000000e+03 4.134152608302457194e-05
2.954000000000000000e+03 4.595995479213833563e-05
2.955000000000000000e+03 5.058556767678135303e-05
2.956000000000000000e+03 5.521885804936783735e-05
2.957000000000000000e+03 5.985889481673328517e-05
2.958000000000000000e+03 6.450670171966270525e-05
2.959000000000000000e+03 6.916117103555413865e-05
2.960000000000000000e+03 7.382348982829753945e-05
2.960864746093750000e+03 7.786046402133032845e-05
2.961000000000000000e+03 7.909405323263191058e-05
2.962000000000000000e+03 8.822338882556385385e-05
2.963000000000000000e+03 9.736616231482635002e-05
2.964000000000000000e+03 1.065230749308719013e-04
2.965000000000000000e+03 1.156951625127985295e-04
2.966000000000000000e+03 1.248804468960459772e-04
2.967000000000000000e+03 1.340810639150427522e-04
2.968000000000000000e+03 1.432947350939902905e-04
2.969000000000000000e+03 1.525225810404376751e-04
2.970000000000000000e+03 1.617660001169581561e-04
2.970867187500000000e+03 1.697919354106586275e-04
2.971000000000000000e+03 1.719043581071476269e-04
2.972000000000000000e+03 1.878251524563542341e-04
2.973000000000000000e+03 2.037688914551327799e-04
2.974000000000000000e+03 2.197370554447965272e-04
2.975000000000000000e+03 2.357317474971121240e-04
2.976000000000000000e+03 2.517489881739179533e-04
2.977000000000000000e+03 2.677906689331721016e-04
2.978000000000000000e+03 2.838593214406741208e-04
2.979000000000000000e+03 2.999500933127966710e-04
2.980000000000000000e+03 3.160653832398745448e-04
2.980869628906250000e+03 3.301019303611691974e-04
2.981000000000000000e+03 3.326316139218788901e-04
2.982000000000000000e+03 3.520490810236285109e-04
2.983000000000000000e+03 3.714960682670327284e-04
2.984000000000000000e+03 3.909759504086790060e-04
2.985000000000000000e+03 4.104820585303295541e-04
2.986000000000000000e+03 4.300176719128438719e-04
2.987000000000000000e+03 4.495868037080519080e-04
2.988000000000000000e+03 4.691816257745051234e-04
2.989000000000000000e+03 4.888059771655403575e-04
2.990000000000000000e+03 5.084643415141893536e-04
2.990872314453125000e+03 5.256328051703120950e-04
2.991000000000000000e+03 5.310936475333771301e-04
2.992000000000000000e+03 5.738980080701741810e-04
2.993000000000000000e+03 6.167725757969372800e-04
2.994000000000000000e+03 6.597069584118451418e-04
2.995000000000000000e+03 7.027060906569487352e-04
2.996000000000000000e+03 7.457700544933649903e-04
2.997000000000000000e+03 7.889058088204437902e-04
2.998000000000000000e+03 8.320999546948899730e-04
2.999000000000000000e+03 8.753589020803539001e-04
3.000000000000000000e+03 9.186827509543977165e-04
3.000874755859375000e+03 9.560275369947070830e-04
3.001000000000000000e+03 9.653905485274151110e-04
3.002000000000000000e+03 1.040142268018993260e-03
3.003000000000000000e+03 1.114897805635219237e-03
3.004000000000000000e+03 1.189657282578161389e-03
3.005000000000000000e+03 1.264431574973308870e-03
3.006000000000000000e+03 1.339199211549079588e-03
3.007000000000000000e+03 1.413970652741843937e-03
3.008000000000000000e+03 1.488746051034812870e-03
3.009000000000000000e+03 1.563538847644280021e-03
3.010000000000000000e+03 1.638322347115377673e-03
3.010877197265625000e+03 1.703924526544342523e-03
3.011000000000000000e+03 1.718239013870586198e-03
3.012000000000000000e+03 1.834806962738965395e-03
3.013000000000000000e+03 1.951380672731132691e-03
3.014000000000000000e+03 2.067978317747831783e-03
3.015000000000000000e+03 2.184564786725010609e-03
3.016000000000000000e+03 2.301156784604442129e-03
3.017000000000000000e+03 2.417754522554434876e-03
3.018000000000000000e+03 2.534358260494239904e-03
3.019000000000000000e+03 2.650990772960273249e-03
3.020000000000000000e+03 2.767606735384963573e-03
3.020879638671875000e+03 2.870188880126757578e-03
3.021000000000000000e+03 2.897368660405224422e-03
3.022000000000000000e+03 3.123193172820651689e-03
3.023000000000000000e+03 3.349028033405031333e-03
3.024000000000000000e+03 3.574873535108952054e-03
3.025000000000000000e+03 3.800730065300694099e-03
3.026000000000000000e+03 4.026632216653180246e-03
3.027000000000000000e+03 4.252511586796114788e-03
3.028000000000000000e+03 4.478402025642830124e-03
3.029000000000000000e+03 4.704302609989724146e-03
3.030000000000000000e+03 4.930213774398378018e-03
3.030882080078125000e+03 5.129468970436607683e-03
3.031000000000000000e+03 5.173508195911168638e-03
3.032000000000000000e+03 5.546982295568841752e-03
3.033000000000000000e+03 5.920469651974541447e-03
3.034000000000000000e+03 6.294025521167429492e-03
3.035000000000000000e+03 6.667543323862609207e-03
3.036000000000000000e+03 7.041073684020487077e-03
3.037000000000000000e+03 7.414617245916787884e-03
3.038000000000000000e+03 7.788174809851442990e-03
3.039000000000000000e+03 8.161744773125544777e-03
3.040000000000000000e+03 8.535327897033147954e-03
3.040884765625000000e+03 8.865866823464426880e-03
3.041000000000000000e+03 8.938030062622245517e-03
3.042000000000000000e+03 9.564271027910081421e-03
3.043000000000000000e+03 1.019053304631282499e-02
3.044000000000000000e+03 1.081681722511246106e-02
3.045000000000000000e+03 1.144312134640122942e-02
3.046000000000000000e+03 1.206955237063513965e-02
3.047000000000000000e+03 1.269590392858682346e-02
3.048000000000000000e+03 1.332227781636259947e-02
3.049000000000000000e+03 1.394867129307159233e-02
3.050000000000000000e+03 1.457508566209290111e-02
3.050887207031250000e+03 1.513085917980940519e-02
3.051000000000000000e+03 1.524370453859644550e-02
3.052000000000000000e+03 1.624418563977324953e-02
3.053000000000000000e+03 1.724469942908234132e-02
3.054000000000000000e+03 1.824524777527262304e-02
3.055000000000000000e+03 1.924582693550150672e-02
3.056000000000000000e+03 2.024643867411790588e-02
3.057000000000000000e+03 2.124708517298468102e-02
3.058000000000000000e+03 2.224776206296805170e-02
3.059000000000000000e+03 2.324847142155360771e-02
3.060000000000000000e+03 2.424921321213974190e-02
3.060889648437500000e+03 2.513954416122545291e-02
3.061000000000000000e+03 2.531778795987124631e-02
3.062000000000000000e+03 2.693304970858265493e-02
3.063000000000000000e+03 2.854836281209375062e-02
3.064000000000000000e+03 3.016373035967891136e-02
3.065000000000000000e+03 3.177914616414481003e-02
3.066000000000000000e+03 3.339461314630640110e-02
3.067000000000000000e+03 3.501013490067737821e-02
3.068000000000000000e+03 3.662570422948386445e-02
3.069000000000000000e+03 3.824098937045893043e-02
3.070000000000000000e+03 3.985665065680443070e-02
3.070892089843750000e+03 4.129798672975931034e-02
3.071000000000000000e+03 4.154839967423870628e-02
3.072000000000000000e+03 4.386900776977593203e-02
3.073000000000000000e+03 4.618969151600346712e-02
3.074000000000000000e+03 4.851044143256887098e-02
3.075000000000000000e+03 5.083126201164475666e-02
3.076000000000000000e+03 5.315215871274609621e-02
3.077000000000000000e+03 5.547312060446094734e-02
3.078000000000000000e+03 5.779415290447278974e-02
3.079000000000000000e+03 6.011526179759135724e-02
3.080000000000000000e+03 6.243643490166946031e-02
3.080894775390625000e+03 6.451338521427160688e-02
3.081000000000000000e+03 6.484358662788923533e-02
3.082000000000000000e+03 6.798111109636778560e-02
3.083000000000000000e+03 7.111928761081391659e-02
3.084000000000000000e+03 7.425755481250229106e-02
3.085000000000000000e+03 7.739592065641265339e-02
3.086000000000000000e+03 8.053436921629222867e-02
3.087000000000000000e+03 8.367290812029316849e-02
3.088000000000000000e+03 8.681154630360701785e-02
3.089000000000000000e+03 8.995026587936119644e-02
3.090000000000000000e+03 9.308826040724506312e-02
3.090897216796875000e+03 9.590445687812980402e-02
3.091000000000000000e+03 9.623082911762256830e-02
3.092000000000000000e+03 9.940621293105825207e-02
3.093000000000000000e+03 1.025816832543197110e-01
3.094000000000000000e+03 1.057572509930942845e-01
3.095000000000000000e+03 1.089328943198399208e-01
3.096000000000000000e+03 1.121086238098457644e-01
3.097000000000000000e+03 1.152834423393999386e-01
3.098000000000000000e+03 1.184593163970068252e-01
3.099000000000000000e+03 1.216352762733450971e-01
3.100000000000000000e+03 1.248113348557101793e-01
3.100899658203125000e+03 1.276687088884541077e-01
3.101000000000000000e+03 1.279386906567138438e-01
3.102000000000000000e+03 1.306282071184796667e-01
3.103000000000000000e+03 1.333189265197805562e-01
3.104000000000000000e+03 1.360097017173312328e-01
3.105000000000000000e+03 1.387005462209097983e-01
3.106000000000000000e+03 1.413914746584057913e-01
3.107000000000000000e+03 1.440811973258599721e-01
3.108000000000000000e+03 1.467722259660204365e-01
3.109000000000000000e+03 1.494633390868128076e-01
3.110000000000000000e+03 1.521545057416895941e-01
3.110902099609375000e+03 1.545822188897315874e-01
3.111000000000000000e+03 1.547650104544938954e-01
3.112000000000000000e+03 1.566307998425003067e-01
3.113000000000000000e+03 1.584979724496941578e-01
3.114000000000000000e+03 1.603651907093292528e-01
3.115000000000000000e+03 1.622324714421227165e-01
3.116000000000000000e+03 1.640983461024788093e-01
3.117000000000000000e+03 1.659656848534910023e-01
3.118000000000000000e+03 1.678330864557622260e-01
3.119000000000000000e+03 1.696990324499680625e-01
3.120000000000000000e+03 1.715664910891498696e-01
3.120904785156250000e+03 1.732561432760810483e-01
3.121000000000000000e+03 1.733126022290258916e-01
3.122000000000000000e+03 1.739055547939767632e-01
3.123000000000000000e+03 1.744970126740715555e-01
3.124000000000000000e+03 1.750899850655668888e-01
3.125000000000000000e+03 1.756829698595181732e-01
3.126000000000000000e+03 1.762744447784205526e-01
3.127000000000000000e+03 1.768674492713613045e-01
3.128000000000000000e+03 1.774604661023392593e-01
3.129000000000000000e+03 1.780535137723617822e-01
3.130000000000000000e+03 1.786449942742155128e-01
3.130907226562500000e+03 1.791829710339749859e-01
3.131000000000000000e+03 1.792447258387257214e-01
3.132000000000000000e+03 1.799104037695465064e-01
3.133000000000000000e+03 1.805744990057555066e-01
3.134000000000000000e+03 1.812401796889824002e-01
3.135000000000000000e+03 1.819058928191998881e-01
3.136000000000000000e+03 1.825700057801766529e-01
3.137000000000000000e+03 1.832357213150006270e-01
3.138000000000000000e+03 1.839014694292647745e-01
3.139000000000000000e+03 1.845655999040252127e-01
3.140000000000000000e+03 1.852313693340094658e-01
3.140909912109375000e+03 1.858371535235465999e-01
3.141000000000000000e+03 1.858496556448070436e-01
3.142000000000000000e+03 1.859868089128453861e-01
3.143000000000000000e+03 1.861256055511484875e-01
3.144000000000000000e+03 1.862627573629206668e-01
3.145000000000000000e+03 1.864015354397289825e-01
3.146000000000000000e+03 1.865403338485898954e-01
3.147000000000000000e+03 1.866774839955685772e-01
3.148000000000000000e+03 1.868162637723802533e-01
3.149000000000000000e+03 1.869534318298080589e-01
3.150000000000000000e+03 1.870922123436803419e-01
3.150912353515625000e+03 1.872187768483442594e-01
3.151000000000000000e+03 1.872301765744575353e-01
3.152000000000000000e+03 1.873586258575182240e-01
3.153000000000000000e+03 1.874886906349966798e-01
3.154000000000000000e+03 1.876171380599035987e-01
3.155000000000000000e+03 1.877472030442842998e-01
3.156000000000000000e+03 1.878772686435033756e-01
3.157000000000000000e+03 1.880057137649554233e-01
3.158000000000000000e+03 1.881357795426377710e-01
3.159000000000000000e+03 1.882642032034787805e-01
3.160000000000000000e+03 1.883942886968877350e-01
3.160914794921875000e+03 1.885116827391103422e-01
3.161000000000000000e+03 1.885515655690980785e-01
3.162000000000000000e+03 1.890212949235146045e-01
3.163000000000000000e+03 1.894893985857592222e-01
3.164000000000000000e+03 1.899591393974920106e-01
3.165000000000000000e+03 1.904289076695388216e-01
3.166000000000000000e+03 1.908969987581396743e-01
3.167000000000000000e+03 1.913667586113490526e-01
3.168000000000000000e+03 1.918348728726403662e-01
3.169000000000000000e+03 1.923046440150568415e-01
3.170000000000000000e+03 1.927727415943011613e-01
3.170917236328125000e+03 1.932036025252310552e-01
3.171000000000000000e+03 1.932317960537605628e-01
3.172000000000000000e+03 1.935707415420920285e-01
3.173000000000000000e+03 1.939113968393162135e-01
3.174000000000000000e+03 1.942503429056356146e-01
3.175000000000000000e+03 1.945909843915804016e-01
3.176000000000000000e+03 1.949299511858904599e-01
3.177000000000000000e+03 1.952705989408982934e-01
3.178000000000000000e+03 1.956095459858104846e-01
3.179000000000000000e+03 1.959502202617204591e-01
3.180000000000000000e+03 1.962891677415211922e-01
3.180919921875000000e+03 1.966009607142493176e-01
3.181000000000000000e+03 1.966187570127198858e-01
3.182000000000000000e+03 1.968426880821375347e-01
3.183000000000000000e+03 1.970649036640218232e-01
3.184000000000000000e+03 1.972888574233983561e-01
3.185000000000000000e+03 1.975110715083837898e-01
3.186000000000000000e+03 1.977350070097231294e-01
3.187000000000000000e+03 1.979572400796404397e-01
3.188000000000000000e+03 1.981811777597370094e-01
3.189000000000000000e+03 1.984034093140981669e-01
3.190000000000000000e+03 1.986256185775457372e-01
3.190922363281250000e+03 1.988321136845150050e-01
3.191000000000000000e+03 1.988631971621229455e-01
3.192000000000000000e+03 1.992618555162871119e-01
3.193000000000000000e+03 1.996622309697830833e-01
3.194000000000000000e+03 2.000608896030059147e-01
3.195000000000000000e+03 2.004612720206362941e-01
3.196000000000000000e+03 2.008599100492513001e-01
3.197000000000000000e+03 2.012585672779061141e-01
3.198000000000000000e+03 2.016589583164350719e-01
3.199000000000000000e+03 2.020575947355646440e-01
3.200000000000000000e+03 2.024580135445430140e-01
3.200924804687500000e+03 2.028126058413585731e-01
3.201000000000000000e+03 2.027992934861322649e-01
3.202000000000000000e+03 2.026222878847050157e-01
3.203000000000000000e+03 2.024470434367063032e-01
3.204000000000000000e+03 2.022700540212213627e-01
3.205000000000000000e+03 2.020931049831081461e-01
3.206000000000000000e+03 2.019179123377129459e-01
3.207000000000000000e+03 2.017410005193133182e-01
3.208000000000000000e+03 2.015640872372297387e-01
3.209000000000000000e+03 2.013889464982550892e-01
3.210000000000000000e+03 2.012120914119203963e-01
3.210927490234375000e+03 2.010480581175293213e-01
3.211000000000000000e+03 2.010660073159165062e-01
3.212000000000000000e+03 2.013152986678955203e-01
3.213000000000000000e+03 2.015627752497665681e-01
3.214000000000000000e+03 2.018102079826220863e-01
3.215000000000000000e+03 2.020593761965397139e-01
3.216000000000000000e+03 2.023067232770889567e-01
3.217000000000000000e+03 2.025540474358876464e-01
3.218000000000000000e+03 2.028030713549705821e-01
3.219000000000000000e+03 2.030502887654705990e-01
3.220000000000000000e+03 2.032974832726274772e-01
3.220929931640625000e+03 2.035289761220063220e-01
3.221000000000000000e+03 2.035213535068506330e-01
3.222000000000000000e+03 2.034107996303456678e-01
3.223000000000000000e+03 2.033002763547662739e-01
3.224000000000000000e+03 2.031897415654133898e-01
3.225000000000000000e+03 2.030810038570827480e-01
3.226000000000000000e+03 2.029704871426897539e-01
3.227000000000000000e+03 2.028600010056969827e-01
3.228000000000000000e+03 2.027512668089662962e-01
3.229000000000000000e+03 2.026407777814492883e-01
3.230000000000000000e+03 2.025303193137566737e-01
3.230932617187500000e+03 2.024272472303204062e-01
3.231000000000000000e+03 2.024275870128824095e-01
3.232000000000000000e+03 2.024343856815140064e-01
3.233000000000000000e+03 2.024394370943682353e-01
3.234000000000000000e+03 2.024444596725605838e-01
3.235000000000000000e+03 2.024494953252629348e-01
3.236000000000000000e+03 2.024562623117773241e-01
3.237000000000000000e+03 2.024612612109963350e-01
3.238000000000000000e+03 2.024662731786624481e-01
3.239000000000000000e+03 2.024712563055108827e-01
3.240000000000000000e+03 2.024762524968044264e-01
3.240935058593750000e+03 2.024825744296042396e-01
3.241000000000000000e+03 2.024886121450632237e-01
3.242000000000000000e+03 2.025798337118156489e-01
3.243000000000000000e+03 2.026710134264725349e-01
3.244000000000000000e+03 2.027621722342768940e-01
3.245000000000000000e+03 2.028533311145679363e-01
3.246000000000000000e+03 2.029462117281526368e-01
3.247000000000000000e+03 2.030373294964922248e-01
3.248000000000000000e+03 2.031284053309166115e-01
3.249000000000000000e+03 2.032194602192809174e-01
3.250000000000000000e+03 2.033105151834773139e-01
3.250937500000000000e+03 2.033958404677684850e-01
3.251000000000000000e+03 2.034005715936880732e-01
3.252000000000000000e+03 2.034780485234258252e-01
3.253000000000000000e+03 2.035537185559963547e-01
3.254000000000000000e+03 2.036293699222106457e-01
3.255000000000000000e+03 2.037050236811122905e-01
3.256000000000000000e+03 2.037806377014338421e-01
3.257000000000000000e+03 2.038562541148589979e-01
3.258000000000000000e+03 2.039336020243573966e-01
3.259000000000000000e+03 2.040091605516511919e-01
3.260000000000000000e+03 2.040847214724407777e-01
3.260940185546875000e+03 2.041557239980340277e-01
3.261000000000000000e+03 2.041590188462227284e-01
3.262000000000000000e+03 2.042141161638926783e-01
3.263000000000000000e+03 2.042691767521921664e-01
3.264000000000000000e+03 2.043242428342506301e-01
3.265000000000000000e+03 2.043792721669205337e-01
3.266000000000000000e+03 2.044360608563367265e-01
3.267000000000000000e+03 2.044910804439685481e-01
3.268000000000000000e+03 2.045460632520293143e-01
3.269000000000000000e+03 2.046010515513713157e-01
3.270000000000000000e+03 2.046560030511429817e-01
3.270942626953125000e+03 2.047078410712691032e-01
3.271000000000000000e+03 2.047073979824118872e-01
3.272000000000000000e+03 2.046996506546750194e-01
3.273000000000000000e+03 2.046918972192711406e-01
3.274000000000000000e+03 2.046841588246736676e-01
3.275000000000000000e+03 2.046763931700437134e-01
3.276000000000000000e+03 2.046686425513342400e-01
3.277000000000000000e+03 2.046608646745784466e-01
3.278000000000000000e+03 2.046531018288552384e-01
3.279000000000000000e+03 2.046470875377631171e-01
3.280000000000000000e+03 2.046392911787320579e-01
3.280945312500000000e+03 2.046319655239381696e-01
3.281000000000000000e+03 2.046303484083148438e-01
3.282000000000000000e+03 2.046007556849574471e-01
3.283000000000000000e+03 2.045711813002282775e-01
3.284000000000000000e+03 2.045415829928059481e-01
3.285000000000000000e+03 2.045119818966101011e-01
3.286000000000000000e+03 2.044823991296759180e-01
3.287000000000000000e+03 2.044527924545096464e-01
3.288000000000000000e+03 2.044232041023611723e-01
3.289000000000000000e+03 2.043935918516217587e-01
3.290000000000000000e+03 2.043639979176573307e-01
3.290947753906250000e+03 2.043359594586468542e-01
3.291000000000000000e+03 2.043340616370381557e-01
3.292000000000000000e+03 2.042977360481820492e-01
3.293000000000000000e+03 2.042614297833578729e-01
3.294000000000000000e+03 2.042251006632961052e-01
3.295000000000000000e+03 2.041887908606171143e-01
3.296000000000000000e+03 2.041524582147023759e-01
3.297000000000000000e+03 2.041161448795227873e-01
3.298000000000000000e+03 2.040798087131088789e-01
3.299000000000000000e+03 2.040434707907844425e-01
3.300000000000000000e+03 2.040071521692262135e-01
3.300950195312500000e+03 2.039726845368874941e-01
3.301000000000000000e+03 2.039688024518508114e-01
3.302000000000000000e+03 2.038908797221339331e-01
3.303000000000000000e+03 2.038111737947796431e-01
3.304000000000000000e+03 2.037332609707794839e-01
3.305000000000000000e+03 2.036553317109906225e-01
3.306000000000000000e+03 2.035774280580585072e-01
3.307000000000000000e+03 2.034995079959812658e-01
3.308000000000000000e+03 2.034215925437905248e-01
3.309000000000000000e+03 2.033437026847304263e-01
3.310000000000000000e+03 2.032657964564826558e-01
3.310952880859375000e+03 2.031916790543511209e-01
3.311000000000000000e+03 2.031936227314141974e-01
3.312000000000000000e+03 2.032348449194389117e-01
3.313000000000000000e+03 2.032760744810047371e-01
3.314000000000000000e+03 2.033172694786112289e-01
3.315000000000000000e+03 2.033584508728663587e-01
3.316000000000000000e+03 2.033978774614496887e-01
3.317000000000000000e+03 2.034390313590220822e-01
3.318000000000000000e+03 2.034801926254083682e-01
3.319000000000000000e+03 2.035213192897028234e-01
3.320000000000000000e+03 2.035624533208503506e-01
3.320955322265625000e+03 2.036017487814733018e-01
3.321000000000000000e+03 2.036079421776886000e-01
3.322000000000000000e+03 2.037465720713623474e-01
3.323000000000000000e+03 2.038851524544037785e-01
3.324000000000000000e+03 2.040237043107610559e-01
3.325000000000000000e+03 2.041604805677384449e-01
3.326000000000000000e+03 2.042989742267127262e-01
3.327000000000000000e+03 2.044374604006040652e-01
3.328000000000000000e+03 2.045758969399766036e-01
3.329000000000000000e+03 2.047143259980417351e-01
3.330000000000000000e+03 2.048527053719208235e-01
3.330958007812500000e+03 2.049835974182090126e-01
3.331000000000000000e+03 2.049887025491652914e-01
3.332000000000000000e+03 2.051120158758649448e-01
3.333000000000000000e+03 2.052353240677147195e-01
3.334000000000000000e+03 2.053585848208990261e-01
3.335000000000000000e+03 2.054818192658514064e-01
3.336000000000000000e+03 2.056050485801572680e-01
3.337000000000000000e+03 2.057264496104093676e-01
3.338000000000000000e+03 2.058496253025573208e-01
3.339000000000000000e+03 2.059727534454919018e-01
3.340000000000000000e+03 2.060958764636376395e-01
3.340960449218750000e+03 2.062141191199481083e-01
3.341000000000000000e+03 2.062173764240016749e-01
3.342000000000000000e+03 2.062979593893436714e-01
3.343000000000000000e+03 2.063802857212510000e-01
3.344000000000000000e+03 2.064626132085938814e-01
3.345000000000000000e+03 2.065448993128153610e-01
3.346000000000000000e+03 2.066253773928297399e-01
3.347000000000000000e+03 2.067076438897477997e-01
3.348000000000000000e+03 2.067898689588812400e-01
3.349000000000000000e+03 2.068720951844161549e-01
3.350000000000000000e+03 2.069542799522501031e-01
3.350962890625000000e+03 2.070317226105316544e-01
3.351000000000000000e+03 2.070301109490043645e-01
3.352000000000000000e+03 2.069884500410142103e-01
3.353000000000000000e+03 2.069468093051296254e-01
3.354000000000000000e+03 2.069051461152348614e-01
3.355000000000000000e+03 2.068617138150306567e-01
3.356000000000000000e+03 2.068200487877154270e-01
3.357000000000000000e+03 2.067783826280779058e-01
3.358000000000000000e+03 2.067349486602805264e-01
3.359000000000000000e+03 2.066932806734618211e-01
3.360000000000000000e+03 2.066516328343384890e-01
3.360965576171875000e+03 2.066114934062052710e-01
3.361000000000000000e+03 2.066070768948946312e-01
3.362000000000000000e+03 2.064770208879886104e-01
3.363000000000000000e+03 2.063487423544801413e-01
3.364000000000000000e+03 2.062204971733614112e-01
3.365000000000000000e+03 2.060904610035991513e-01
3.366000000000000000e+03 2.059622412410516967e-01
3.367000000000000000e+03 2.058340124153628381e-01
3.368000000000000000e+03 2.057040385931238613e-01
3.369000000000000000e+03 2.055758352622792939e-01
3.370000000000000000e+03 2.054476652478165744e-01
3.370968017578125000e+03 2.053237160433369624e-01
3.371000000000000000e+03 2.053178540774849015e-01
3.372000000000000000e+03 2.051328044116679794e-01
3.373000000000000000e+03 2.049495710366376622e-01
3.374000000000000000e+03 2.047663370113274039e-01
3.375000000000000000e+03 2.045813763895665549e-01
3.376000000000000000e+03 2.043981849569857789e-01
3.377000000000000000e+03 2.042132702313343429e-01
3.378000000000000000e+03 2.040301214396507967e-01
3.379000000000000000e+03 2.038470141371320210e-01
3.380000000000000000e+03 2.036621465543992093e-01
3.380970703125000000e+03 2.034846030923406490e-01
3.381000000000000000e+03 2.034770578638520344e-01
3.382000000000000000e+03 2.032195093766766547e-01
3.383000000000000000e+03 2.029602597935371011e-01
3.384000000000000000e+03 2.027027767443826123e-01
3.385000000000000000e+03 2.024435971798972389e-01
3.386000000000000000e+03 2.021861796392163402e-01
3.387000000000000000e+03 2.019288145095836096e-01
3.388000000000000000e+03 2.016697182002296640e-01
3.389000000000000000e+03 2.014123979191848879e-01
3.390000000000000000e+03 2.011551300209083737e-01
3.390973144531250000e+03 2.009031569827538222e-01
3.391000000000000000e+03 2.009001648329575840e-01
3.392000000000000000e+03 2.007905086604218348e-01
3.393000000000000000e+03 2.006791079201669381e-01
3.394000000000000000e+03 2.005694712156009807e-01
3.395000000000000000e+03 2.004580920245778997e-01
3.396000000000000000e+03 2.003484748151949102e-01
3.397000000000000000e+03 2.002388462628676147e-01
3.398000000000000000e+03 2.001275195129545992e-01
3.399000000000000000e+03 2.000179105211131458e-01
3.400000000000000000e+03 1.999066053626373796e-01
3.400975830078125000e+03 1.997023386274986434e-01
3.401000000000000000e+03 1.997009817403394838e-01
3.402000000000000000e+03 1.996430936013495472e-01
3.403000000000000000e+03 1.995868200795491432e-01
3.404000000000000000e+03 1.995287555654485512e-01
3.405000000000000000e+03 1.994723045250019478e-01
3.406000000000000000e+03 1.994140635650207272e-01
3.407000000000000000e+03 1.993574349323113115e-01
3.408000000000000000e+03 1.993007376762194749e-01
3.409000000000000000e+03 1.992422111570945897e-01
3.410000000000000000e+03 1.991853361841605385e-01
3.410978271484375000e+03 1.991280034236807828e-01
3.411000000000000000e+03 1.991273053502247981e-01
3.412000000000000000e+03 1.990968559806620963e-01
3.413000000000000000e+03 1.990645482911745368e-01
3.414000000000000000e+03 1.990338387640803175e-01
3.415000000000000000e+03 1.990013124425946134e-01
3.416000000000000000e+03 1.989703631053230670e-01
3.417000000000000000e+03 1.989375975937876517e-01
3.418000000000000000e+03 1.989064083390006399e-01
3.419000000000000000e+03 1.988734035340580242e-01
3.420000000000000000e+03 1.988402792140927799e-01
3.420980957031250000e+03 1.988095217878086685e-01
3.421000000000000000e+03 1.988085969724012469e-01
3.422000000000000000e+03 1.987582869715776579e-01
3.423000000000000000e+03 1.987095713138440911e-01
3.424000000000000000e+03 1.986590416460498332e-01
3.425000000000000000e+03 1.986101461024596671e-01
3.426000000000000000e+03 1.985594170963299598e-01
3.427000000000000000e+03 1.985103211678481694e-01
3.428000000000000000e+03 1.984593927398503876e-01
3.429000000000000000e+03 1.984100963396117356e-01
3.430000000000000000e+03 1.983589684062152525e-01
3.430983398437500000e+03 1.983076225108268698e-01
3.431000000000000000e+03 1.983072908298495751e-01
3.432000000000000000e+03 1.982889315937380326e-01
3.433000000000000000e+03 1.982687450584119104e-01
3.434000000000000000e+03 1.982501100723046417e-01
3.435000000000000000e+03 1.982296481897314888e-01
3.436000000000000000e+03 1.982090283621599225e-01
3.437000000000000000e+03 1.981899999879863927e-01
3.438000000000000000e+03 1.981691046465953454e-01
3.439000000000000000e+03 1.981498002173412987e-01
3.440000000000000000e+03 1.981286292465764542e-01
3.440986083984375000e+03 1.981077960740612320e-01
3.441000000000000000e+03 1.981058662223573463e-01
3.442000000000000000e+03 1.979688761212436976e-01
3.443000000000000000e+03 1.978302028896457843e-01
3.444000000000000000e+03 1.976932176701979293e-01
3.445000000000000000e+03 1.975545518087464258e-01
3.446000000000000000e+03 1.974158700034981118e-01
3.447000000000000000e+03 1.972789130201636487e-01
3.448000000000000000e+03 1.971402386448017907e-01
3.449000000000000000e+03 1.970015888370994228e-01
3.450000000000000000e+03 1.968646196389396141e-01
3.450988525390625000e+03 1.967276635649304883e-01
3.451000000000000000e+03 1.967252462009207170e-01
3.452000000000000000e+03 1.965146018925503224e-01
3.453000000000000000e+03 1.963057612993272250e-01
3.454000000000000000e+03 1.960952993422816759e-01
3.455000000000000000e+03 1.958849496387704836e-01
3.456000000000000000e+03 1.956763578649394764e-01
3.457000000000000000e+03 1.954661906251671799e-01
3.458000000000000000e+03 1.952561155795368431e-01
3.459000000000000000e+03 1.950477930039942465e-01
3.460000000000000000e+03 1.948378805983242146e-01
3.460991210937500000e+03 1.946300168151859911e-01
3.461000000000000000e+03 1.946276836564392321e-01
3.462000000000000000e+03 1.943639572539132554e-01
3.463000000000000000e+03 1.940987348495159526e-01
3.464000000000000000e+03 1.938336730454504331e-01
3.465000000000000000e+03 1.935704191900047832e-01
3.466000000000000000e+03 1.933056764018709350e-01
3.467000000000000000e+03 1.930410745490977187e-01
3.468000000000000000e+03 1.927766532839875757e-01
3.469000000000000000e+03 1.925140309061041943e-01
3.470000000000000000e+03 1.922499289992331273e-01
3.470993652343750000e+03 1.919878286256583300e-01
3.471000000000000000e+03 1.919863168786426766e-01
3.472000000000000000e+03 1.917498941731164142e-01
3.473000000000000000e+03 1.915119276183464836e-01
3.474000000000000000e+03 1.912741096895726467e-01
3.475000000000000000e+03 1.910364011859793376e-01
3.476000000000000000e+03 1.908004839607966296e-01
3.477000000000000000e+03 1.905630315464623414e-01
3.478000000000000000e+03 1.903257277979704676e-01
3.479000000000000000e+03 1.900885337146872855e-01
3.480000000000000000e+03 1.898531225549538737e-01
3.480996337890625000e+03 1.896172030338712233e-01
3.481000000000000000e+03 1.896162434851816347e-01
3.482000000000000000e+03 1.893543225930085783e-01
3.483000000000000000e+03 1.890925426462190528e-01
3.484000000000000000e+03 1.888309424654706636e-01
3.485000000000000000e+03 1.885711062802323534e-01
3.486000000000000000e+03 1.883098246768740713e-01
3.487000000000000000e+03 1.880486843006907716e-01
3.488000000000000000e+03 1.877877237527256771e-01
3.489000000000000000e+03 1.875269045719608063e-01
3.490000000000000000e+03 1.872678766528583505e-01
3.490998779296875000e+03 1.870078756957512522e-01
3.491000000000000000e+03 1.870075367167686464e-01
3.492000000000000000e+03 1.867299554081780222e-01
3.493000000000000000e+03 1.864525561456062408e-01
3.494000000000000000e+03 1.861753199087191890e-01
3.495000000000000000e+03 1.858998842557276487e-01
3.496000000000000000e+03 1.856230100035991537e-01
3.497000000000000000e+03 1.853463370329710980e-01
3.498000000000000000e+03 1.850698273997165022e-01
3.499000000000000000e+03 1.847935190869491318e-01
3.500000000000000000e+03 1.845173742664188432e-01
3.501000000000000000e+03 1.842189967892414459e-01
3.501001464843750000e+03 1.842185575218487636e-01
3.502000000000000000e+03 1.838849497175200354e-01
3.503000000000000000e+03 1.835511438132989004e-01
3.504000000000000000e+03 1.832175918574625306e-01
3.505000000000000000e+03 1.828843314740990489e-01
3.506000000000000000e+03 1.825513252507718343e-01
3.507000000000000000e+03 1.822186106725114940e-01
3.508000000000000000e+03 1.818861504658278450e-01
3.509000000000000000e+03 1.815555431666183994e-01
3.510000000000000000e+03 1.812236263531538105e-01
3.511000000000000000e+03 1.808921176769882344e-01
3.511003906250000000e+03 1.808908232561509122e-01
3.512000000000000000e+03 1.805693773851806683e-01
3.513000000000000000e+03 1.802469118073521392e-01
3.514000000000000000e+03 1.799247246023819580e-01
3.515000000000000000e+03 1.796027789741359015e-01
3.516000000000000000e+03 1.792811117884748062e-01
3.517000000000000000e+03 1.789596863835965779e-01
3.518000000000000000e+03 1.786385394911559898e-01
3.519000000000000000e+03 1.783191674040300878e-01
3.520000000000000000e+03 1.779985382700260410e-01
3.521000000000000000e+03 1.776783235143418738e-01
3.521006591796875000e+03 1.776762137056374369e-01
3.522000000000000000e+03 1.773430271214262444e-01
3.523000000000000000e+03 1.770078944184255709e-01
3.524000000000000000e+03 1.766730637363081169e-01
3.525000000000000000e+03 1.763384989628105359e-01
3.526000000000000000e+03 1.760042362909751135e-01
3.527000000000000000e+03 1.756702577197979676e-01
3.528000000000000000e+03 1.753365453874868030e-01
3.529000000000000000e+03 1.750031352782795424e-01
3.530000000000000000e+03 1.746699916279489673e-01
3.531000000000000000e+03 1.743372890548639809e-01
3.531009033203125000e+03 1.743342848177430737e-01
3.532000000000000000e+03 1.739984749760615790e-01
3.533000000000000000e+03 1.736599146029372265e-01
3.534000000000000000e+03 1.733216306347629965e-01
3.535000000000000000e+03 1.729836586399585707e-01
3.536000000000000000e+03 1.726459632775908248e-01
3.537000000000000000e+03 1.723085799753826808e-01
3.538000000000000000e+03 1.719714911197945673e-01
3.539000000000000000e+03 1.716346792376684249e-01
3.540000000000000000e+03 1.712981795461693268e-01
3.541000000000000000e+03 1.709620963528505067e-01
3.541011718750000000e+03 1.709581598270779046e-01
3.542000000000000000e+03 1.706314951642387834e-01
3.543000000000000000e+03 1.703012239646368442e-01
3.544000000000000000e+03 1.699712563357672623e-01
3.545000000000000000e+03 1.696415575632202466e-01
3.546000000000000000e+03 1.693121624473780396e-01
3.547000000000000000e+03 1.689830364110530836e-01
3.548000000000000000e+03 1.686542141175439435e-01
3.549000000000000000e+03 1.683256783341099960e-01
3.550000000000000000e+03 1.679974119647869024e-01
3.551000000000000000e+03 1.676695554925138609e-01
3.551014404296875000e+03 1.676648347952987561e-01
3.552000000000000000e+03 1.672892985349720418e-01
3.553000000000000000e+03 1.669086595888279456e-01
3.554000000000000000e+03 1.665283749623492626e-01
3.555000000000000000e+03 1.661484788361808074e-01
3.556000000000000000e+03 1.657689373075859618e-01
3.557000000000000000e+03 1.653897843995682515e-01
3.558000000000000000e+03 1.650109863668851873e-01
3.559000000000000000e+03 1.646325770752246898e-01
3.560000000000000000e+03 1.642531297846090699e-01
3.561000000000000000e+03 1.638755577249728368e-01
3.561016845703125000e+03 1.638692007235489356e-01
3.562000000000000000e+03 1.634190882072323603e-01
3.563000000000000000e+03 1.629617433492223932e-01
3.564000000000000000e+03 1.625049162335490960e-01
3.565000000000000000e+03 1.620485737383251801e-01
3.566000000000000000e+03 1.615927491579230157e-01
3.567000000000000000e+03 1.611374095592408295e-01
3.568000000000000000e+03 1.606825880481041746e-01
3.569000000000000000e+03 1.602282682483733844e-01
3.570000000000000000e+03 1.597730629499077293e-01
3.571000000000000000e+03 1.593198516005737142e-01
3.571019287109375000e+03 1.593111150791672592e-01
3.572000000000000000e+03 1.587237229528548621e-01
3.573000000000000000e+03 1.581255260805870255e-01
3.574000000000000000e+03 1.575280513085186018e-01
3.575000000000000000e+03 1.569313310741065615e-01
3.576000000000000000e+03 1.563353334540773798e-01
3.577000000000000000e+03 1.557400906399034335e-01
3.578000000000000000e+03 1.551442558503180191e-01
3.579000000000000000e+03 1.545504805334304843e-01
3.580000000000000000e+03 1.539574604186966511e-01
3.581000000000000000e+03 1.533652889035442557e-01
3.581021972656250000e+03 1.533522859618927647e-01
3.582000000000000000e+03 1.526786156691297969e-01
3.583000000000000000e+03 1.519906829040042762e-01
3.584000000000000000e+03 1.513023660230945755e-01
3.585000000000000000e+03 1.506162510718774272e-01
3.586000000000000000e+03 1.499310193101013877e-01
3.587000000000000000e+03 1.492467016635614374e-01
3.588000000000000000e+03 1.485632678253133998e-01
3.589000000000000000e+03 1.478807484396018612e-01
3.590000000000000000e+03 1.471978512001754225e-01
3.591000000000000000e+03 1.465172307727261869e-01
3.591024658203125000e+03 1.465004592527028859e-01
3.592000000000000000e+03 1.458021440248187528e-01
3.593000000000000000e+03 1.450871065916448932e-01
3.594000000000000000e+03 1.443718053652758015e-01
3.595000000000000000e+03 1.436586929857675277e-01
3.596000000000000000e+03 1.429465550578316591e-01
3.597000000000000000e+03 1.422353625842941449e-01
3.598000000000000000e+03 1.415251449292670716e-01
3.599000000000000000e+03 1.408146805685975833e-01
3.600000000000000000e+03 1.401063759551486598e-01
3.601000000000000000e+03 1.395494248137556237e-01
3.601027099609375000e+03 1.395343272338365748e-01
3.602000000000000000e+03 1.391447497836670322e-01
3.603000000000000000e+03 1.387429365608588150e-01
3.604000000000000000e+03 1.383420897957244045e-01
3.605000000000000000e+03 1.379410449737865640e-01
3.606000000000000000e+03 1.375397738659561164e-01
3.607000000000000000e+03 1.371371291826155026e-01
3.608000000000000000e+03 1.367354510172725801e-01
3.609000000000000000e+03 1.363335465804645374e-01
3.610000000000000000e+03 1.359314436954155991e-01
3.611000000000000000e+03 1.355279971385775495e-01
3.611029785156250000e+03 1.355160122674800294e-01
3.612000000000000000e+03 1.352365246499140361e-01
3.613000000000000000e+03 1.349483032705123264e-01
3.614000000000000000e+03 1.346587583230313134e-01
3.615000000000000000e+03 1.343702275214131714e-01
3.616000000000000000e+03 1.340815270210370114e-01
3.617000000000000000e+03 1.337926841775893272e-01
3.618000000000000000e+03 1.335025278310598418e-01
3.619000000000000000e+03 1.332133753521443920e-01
3.620000000000000000e+03 1.329240667421353328e-01
3.621000000000000000e+03 1.326334724486974981e-01
3.621032226562500000e+03 1.326241421301166123e-01
3.622000000000000000e+03 1.320667704839948442e-01
3.623000000000000000e+03 1.314905314960655158e-01
3.624000000000000000e+03 1.309128860803621119e-01
3.625000000000000000e+03 1.303360685168765409e-01
3.626000000000000000e+03 1.297589391340875087e-01
3.627000000000000000e+03 1.291804179361585592e-01
3.628000000000000000e+03 1.286026963853982574e-01
3.629000000000000000e+03 1.280246892648927992e-01
3.630000000000000000e+03 1.274452788546637239e-01
3.631000000000000000e+03 1.268647838242989989e-01
3.631034912109375000e+03 1.268445124319646233e-01
3.632000000000000000e+03 1.252575326241562592e-01
3.633000000000000000e+03 1.236113090530228942e-01
3.634000000000000000e+03 1.219653937675064942e-01
3.635000000000000000e+03 1.203186889333439230e-01
3.636000000000000000e+03 1.186702029859085933e-01
3.637000000000000000e+03 1.170219698446276352e-01
3.638000000000000000e+03 1.153719594883258343e-01
3.639000000000000000e+03 1.137221853674664218e-01
3.640000000000000000e+03 1.120716220144176573e-01
3.641000000000000000e+03 1.104193817238394854e-01
3.641037597656250000e+03 1.103572818191489030e-01
3.642000000000000000e+03 1.075167373523870235e-01
3.643000000000000000e+03 1.045629804982338290e-01
3.644000000000000000e+03 1.016087594751561712e-01
3.645000000000000000e+03 9.865314356004915852e-02
3.646000000000000000e+03 9.569533379683531349e-02
3.647000000000000000e+03 9.273697388683417586e-02
3.648000000000000000e+03 8.977646986522912209e-02
3.649000000000000000e+03 8.681537408155509672e-02
3.650000000000000000e+03 8.385288397778148384e-02
3.651000000000000000e+03 8.088833677201023864e-02
3.651040039062500000e+03 8.076963860926614225e-02
3.652000000000000000e+03 7.766435673207147672e-02
3.653000000000000000e+03 7.442744530419521942e-02
3.654000000000000000e+03 7.118968566467577530e-02
3.655000000000000000e+03 6.794982447526012881e-02
3.656000000000000000e+03 6.470906646881782742e-02
3.657000000000000000e+03 6.146678867253784623e-02
3.658000000000000000e+03 5.822250551663928075e-02
3.659000000000000000e+03 5.497723441483669260e-02
3.660000000000000000e+03 5.173000126735699533e-02
3.661000000000000000e+03 4.848174596925031860e-02
3.661042480468750000e+03 4.834370719813748524e-02
3.662000000000000000e+03 4.607224067197820266e-02
3.663000000000000000e+03 4.369933411866270406e-02
3.664000000000000000e+03 4.132496560825091314e-02
3.665000000000000000e+03 3.894985846678017394e-02
3.666000000000000000e+03 3.657333394928723863e-02
3.667000000000000000e+03 3.419603033036758971e-02
3.668000000000000000e+03 3.181734925570019190e-02
3.669000000000000000e+03 2.943785157511286804e-02
3.670000000000000000e+03 2.705701039540479164e-02
3.671000000000000000e+03 2.467531834690270959e-02
3.671045166015625000e+03 2.456771099642042835e-02
3.672000000000000000e+03 2.333175188999838529e-02
3.673000000000000000e+03 2.203695102160110192e-02
3.674000000000000000e+03 2.074136854949653469e-02
3.675000000000000000e+03 1.944536830153476351e-02
3.676000000000000000e+03 1.814861058354979434e-02
3.677000000000000000e+03 1.685141301431873628e-02
3.678000000000000000e+03 1.555347975038407632e-02
3.679000000000000000e+03 1.425508599364753819e-02
3.680000000000000000e+03 1.295597543247981216e-02
3.681000000000000000e+03 1.165638522952616198e-02
3.681047851562500000e+03 1.159417783364013327e-02
3.682000000000000000e+03 1.102525310112431947e-02
3.683000000000000000e+03 1.042747540155072698e-02
3.684000000000000000e+03 9.829513260850439998e-03
3.685000000000000000e+03 9.231192495716836546e-03
3.686000000000000000e+03 8.632677984881952093e-03
3.687000000000000000e+03 8.033815138082912866e-03
3.688000000000000000e+03 7.434748110447423480e-03
3.689000000000000000e+03 6.835343739230550705e-03
3.690000000000000000e+03 6.235723352468630111e-03
3.691000000000000000e+03 5.635775696675119489e-03
3.691050292968750000e+03 5.605595454586459296e-03
3.692000000000000000e+03 5.341000459975452086e-03
3.693000000000000000e+03 5.062314462905880344e-03
3.694000000000000000e+03 4.783458405285780611e-03
3.695000000000000000e+03 4.504515430452105118e-03
3.696000000000000000e+03 4.225407075666301818e-03
3.697000000000000000e+03 3.946173727782948358e-03
3.698000000000000000e+03 3.666846338843182760e-03
3.699000000000000000e+03 3.387360598332767730e-03
3.700000000000000000e+03 3.107776062556641319e-03
3.701000000000000000e+03 2.828038268368636508e-03
3.701052978515625000e+03 2.813214684627922575e-03
3.702000000000000000e+03 2.688662760216392958e-03
3.703000000000000000e+03 2.557107332071916709e-03
3.704000000000000000e+03 2.425470250882465727e-03
3.705000000000000000e+03 2.293774213219066261e-03
3.706000000000000000e+03 2.162037466521905642e-03
3.707000000000000000e+03 2.030222381090558345e-03
3.708000000000000000e+03 1.898364344684984589e-03
3.709000000000000000e+03 1.766430181145044751e-03
3.710000000000000000e+03 1.634437024527894992e-03
3.711000000000000000e+03 1.502397322584580943e-03
3.711055664062500000e+03 1.495044955810089556e-03
3.712000000000000000e+03 1.432890418918287894e-03
3.713000000000000000e+03 1.367043409510354090e-03
3.714000000000000000e+03 1.301178216465041912e-03
3.715000000000000000e+03 1.235271895275810976e-03
3.716000000000000000e+03 1.169336002504978416e-03
3.717000000000000000e+03 1.103380204505066903e-03
3.718000000000000000e+03 1.037384957393552160e-03
3.719000000000000000e+03 9.713601479529247566e-04
3.720000000000000000e+03 9.053137096648932944e-04
3.721000000000000000e+03 8.392294179694863169e-04
3.721058105468750000e+03 8.353886585373452656e-04
3.722000000000000000e+03 8.027473491083577046e-04
3.723000000000000000e+03 7.680773637002732794e-04
3.724000000000000000e+03 7.333980819309092285e-04
3.725000000000000000e+03 6.986968307760914277e-04
3.726000000000000000e+03 6.639800903256449626e-04
3.727000000000000000e+03 6.292531684706162290e-04
3.728000000000000000e+03 5.945051504855216684e-04
3.729000000000000000e+03 5.597415805817165932e-04
3.730000000000000000e+03 5.249670569961330637e-04
3.731000000000000000e+03 4.901723337497930835e-04
3.731060791015625000e+03 4.880566240312301770e-04
3.732000000000000000e+03 4.696562783236494913e-04
3.733000000000000000e+03 4.500565233759752648e-04
3.734000000000000000e+03 4.304516505159983165e-04
3.735000000000000000e+03 4.108342300518371759e-04
3.736000000000000000e+03 3.912080579749325658e-04
3.737000000000000000e+03 3.715730954629803363e-04
3.738000000000000000e+03 3.519324235183566196e-04
3.739000000000000000e+03 3.322798244103491181e-04
3.740000000000000000e+03 3.126184376271213031e-04
3.741000000000000000e+03 2.929481887340523814e-04
3.741063232421875000e+03 2.917042549507918125e-04
3.742000000000000000e+03 2.812880929678046593e-04
3.743000000000000000e+03 2.701615223079910106e-04
3.744000000000000000e+03 2.590300298068729987e-04
3.745000000000000000e+03 2.478935610964918667e-04
3.746000000000000000e+03 2.367521670957680889e-04
3.747000000000000000e+03 2.256077464801598952e-04
3.748000000000000000e+03 2.144563304602993916e-04
3.749000000000000000e+03 2.032999839358745283e-04
3.750000000000000000e+03 1.921386833902562587e-04
3.751000000000000000e+03 1.809724081286048607e-04
3.751065917968750000e+03 1.802362785550030793e-04
3.752000000000000000e+03 1.739822810400940716e-04
3.753000000000000000e+03 1.672825236749223433e-04
3.754000000000000000e+03 1.605797731379622563e-04
3.755000000000000000e+03 1.538740623811439762e-04
3.756000000000000000e+03 1.471653591040220088e-04
3.757000000000000000e+03 1.404548920053444601e-04
3.758000000000000000e+03 1.337401908264235955e-04
3.759000000000000000e+03 1.270224980839980823e-04
3.760000000000000000e+03 1.203018399097961853e-04
3.761000000000000000e+03 1.135781851459582325e-04
3.761068603515625000e+03 1.131168088600563053e-04
3.762000000000000000e+03 1.094039823420679425e-04
3.763000000000000000e+03 1.054168845976534370e-04
3.764000000000000000e+03 1.014270847444024166e-04
3.765000000000000000e+03 9.743550607879687523e-05
3.766000000000000000e+03 9.344216858672387666e-05
3.767000000000000000e+03 8.944706175619106193e-05
3.768000000000000000e+03 8.545017669875160842e-05
3.769000000000000000e+03 8.145153096503783671e-05
3.770000000000000000e+03 7.745176804517577224e-05
3.771000000000000000e+03 7.344952476468631609e-05
3.771071044921875000e+03 7.316511844702651456e-05
3.772000000000000000e+03 7.039661929127576697e-05
3.773000000000000000e+03 6.741511249244044293e-05
3.774000000000000000e+03 6.443229525165371501e-05
3.775000000000000000e+03 6.144816026469313009e-05
3.776000000000000000e+03 5.846270143972625281e-05
3.777000000000000000e+03 5.547593079545737262e-05
3.778000000000000000e+03 5.248784193680285559e-05
3.779000000000000000e+03 4.949885179803436875e-05
3.780000000000000000e+03 4.650810083147191131e-05
3.781000000000000000e+03 4.351601975374872773e-05
3.781073730468750000e+03 4.329536039711472377e-05
3.782000000000000000e+03 4.186703762737725173e-05
3.783000000000000000e+03 4.032436573227002596e-05
3.784000000000000000e+03 3.878100919422484266e-05
3.785000000000000000e+03 3.723697596287506474e-05
3.786000000000000000e+03 3.569226186448220249e-05
3.787000000000000000e+03 3.414686335275082357e-05
3.788000000000000000e+03 3.260078743617443142e-05
3.789000000000000000e+03 3.105403041151746577e-05
3.790000000000000000e+03 2.950658920372062219e-05
3.791000000000000000e+03 2.795845665623949048e-05
3.791076416015625000e+03 2.784014471096995038e-05
3.792000000000000000e+03 2.682678280443172278e-05
3.793000000000000000e+03 2.572887283304671585e-05
3.794000000000000000e+03 2.463048309627741811e-05
3.795000000000000000e+03 2.353161081506757130e-05
3.796000000000000000e+03 2.243225365658338627e-05
3.797000000000000000e+03 2.133241622868456704e-05
