Title: The Mystery of the Cosmic Diffuse Ultraviolet Background Radiation 
Authors: Henry R.C., Murthy J., Overduin J., Tyler J.
Table: The Two Dynamics Explorer FUV Scans (Fix, Craven & Frank 1989)
================================================================================
Byte-by-byte Description of file: apj504185t1_mrt.txt
--------------------------------------------------------------------------------
   Bytes Format Units              Label  Explanations
--------------------------------------------------------------------------------
       1 I1     ---                Scan   Scan number
   3-  6 I4     ---                Num    Source number
   8- 13 F6.2   deg                GLON   Galactic longitude
  15- 20 F6.2   deg                GLAT   Galactic latitude
  22- 26 I5     ph/cm/s/sr/0.1nm   Flux   Observed photon flux (1)
  28- 31 I4     ph/cm/s/sr/0.1nm e_Flux   Uncertainty in Flu (1)
--------------------------------------------------------------------------------
Note (1): In "Photon Units" which is photons cm^-2^ s^-1^ sr^-1^ Angstrom^-1^.
--------------------------------------------------------------------------------
1    1 262.56  36.73  1352  533 
1    2 262.73  36.54   717  212 
1    3 262.90  36.36   868  218 
1    4 263.07  36.17   717  208 
1    5 263.24  35.99   989  231 
1    6 263.42  35.79  1020  233 
1    7 263.58  35.61   626  210 
1    8 263.75  35.42   959  229 
1    9 263.91  35.23  1262  247 
1   10 264.07  35.04  1141  237 
1   11 264.23  34.86   717  212 
1   12 264.41  34.66   838  233 
1   13 264.57  34.47   959  255 
1   14 264.73  34.29   717  224 
1   15 264.89  34.10   475  200 
1   16 265.05  33.91   899  229 
1   17 265.21  33.72   868  227 
1   18 265.38  33.53   747  227 
1   19 265.53  33.34   688  214 
1   20 265.69  33.15   475  194 
1   21 265.85  32.96  1321  260 
1   22 266.00  32.77   657  208 
1   23 266.15  32.58   506  196 
1   24 266.31  32.38   778  212 
1   25 266.47  32.19   930  227 
1   26 266.62  32.00  1200  251 
1   27 266.77  31.81   930  222 
1   28 266.93  31.62   868  227 
1   29 267.08  31.42  1594  541 
1   30 267.23  31.23  1141  241 
1   31 267.39  31.04  1080  243 
1   32 267.54  30.85   749  210 
1   33 267.68  30.66   749  214 
1   34 267.83  30.47   870  218 
1   35 267.99  30.27  1086  233 
1   36 268.13  30.07   998  235 
1   37 268.27  29.88  1547  267 
1   38 268.42  29.69  1246  255 
1   39 268.56  29.50  1065  237 
1   40 268.71  29.31  1311  251 
1   41 268.86  29.11   856  222 
1   42 269.01  28.91   889  220 
1   43 269.15  28.72   829  216 
1   44 269.29  28.53   924  229 
1   45 269.43  28.34   926  233 
1   46 269.58  28.14  1237  245 
1   47 269.72  27.94  1332  256 
1   48 269.86  27.74  1397  260 
1   49 270.00  27.55  1399  258 
1   50 270.14  27.36  1125  239 
1   51 270.28  27.16  1127  239 
1   52 270.42  26.97  1379  256 
1   53 270.56  26.77  1258  247 
1   54 270.70  26.57  1073  239 
1   55 270.84  26.38  1606  285 
1   56 270.97  26.18  1235  249 
1   57 271.11  25.99  1518  267 
1   58 271.25  25.79  1053  235 
1   59 271.39  25.59  1779  285 
1   60 271.51  25.39  1375  267 
1   61 271.65  25.20  1377  271 
1   62 271.78  25.00  1287  255 
1   63 271.92  24.81  1795  303 
1   64 272.05  24.61  1672  273 
1   65 272.19  24.41  1613  277 
1   66 272.32  24.21  1649  279 
1   67 272.46  24.02  1557  275 
1   68 272.59  23.82  2135  310 
1   69 272.72  23.62  2269  326 
1   70 272.84  23.42  1920  301 
1   71 272.98  23.22  1764  287 
1   72 273.11  23.02  1319  255 
1   73 273.24  22.83  1676  283 
1   74 273.37  22.63  2228  310 
1   75 273.50  22.43  2039  305 
1   76 273.63  22.24  1592  279 
1   77 273.76  22.03  1986  301 
1   78 273.89  21.83  1211  249 
1   79 274.02  21.64  1572  297 
1   80 274.14  21.44  1446  262 
1   81 274.26  21.24  1092  243 
1   82 274.40  21.03  1291  255 
1   83 274.52  20.84  1065  245 
1   84 274.65  20.64  1594  273 
1   85 274.78  20.44  1172  264 
1   86 274.90  20.24  1174  253 
1   87 275.03  20.04  1442  269 
1   88 275.40  19.44  1719  297 
1   89 275.52  19.24  1924  336 
1   90 275.65  19.04  1731  291 
1   91 275.77  18.84  1502  279 
1   92 275.90  18.64  2478  328 
1   93 276.02  18.44  2346  328 
1   94 276.14  18.24  1547  273 
1   95 276.27  18.04  2025  305 
1   96 276.39  17.84  1186  256 
1   97 276.50  17.64  1664  289 
1   98 276.63  17.43  1092  251 
1   99 276.75  17.23  1401  271 
1  100 276.87  17.04  1949  314 
1  101 276.99  16.84  1787  301 
1  102 277.11  16.64  1381  279 
1  103 277.23  16.44  1867  308 
1  104 277.36  16.23  1836  297 
1  105 277.47  16.03  1360  271 
1  106 277.59  15.83  1367  271 
1  107 277.71  15.63  1475  293 
1  108 277.83  15.43  1512  281 
1  109 277.95  15.23  2281  328 
1  110 278.07  15.02  2322  322 
1  111 278.19  14.82  2016  310 
1  112 278.31  14.62  1883  299 
1  113 278.42  14.42  1856  301 
1  114 278.53  14.22  2283  330 
1  115 278.65  14.02  1584  287 
1  116 278.77  13.81  1908  314 
1  117 278.89  13.61  1914  301 
1  118 279.01  13.41  2166  324 
1  119 279.47  12.60  2728  361 
1  120 279.59  12.40  3058  377 
1  121 279.70  12.20  2494  344 
1  122 280.04  11.59  3058  365 
1  123 280.16  11.38  3357  387 
1  124 280.73  10.38  4187  435 
1  125 281.19   9.57  3939  424 
1  126 281.53   8.95  4280  517 
1  127 281.64   8.75  3917  715 
1  128 282.32   7.53  3433  422 
1  129 282.43   7.33  3304  394 
1  130 282.55   7.13  3371  406 
1  131 282.66   6.93  2822  390 
1  132 282.77   6.72  3636  414 
1  133 282.88   6.52  3798  422 
1  134 282.99   6.31  3753  430 
1  135 283.11   6.11  4569  467 
1  136 283.22   5.91  4374  465 
1  137 283.66   5.09  6369  560 
1  138 283.78   4.89  5190  496 
1  139 289.75  -6.10  7541  804 
1  140 289.86  -6.30  9985  937 
1  141 289.98  -6.52  6707  775 
1  142 290.09  -6.72 10977 1593 
1  143 290.20  -6.92 11379  970 
1  144 290.31  -7.12 10735  972 
1  145 290.42  -7.32  8685  902 
1  146 290.54  -7.52  9702  941 
1  147 290.65  -7.74 10040  959 
1  148 290.76  -7.94  6282  787 
1  149 290.87  -8.14  7898  910 
1  150 290.98  -8.34  7722  890 
1  151 291.10  -8.54  7801  845 
1  152 291.21  -8.74  7760  863 
1  153 291.33  -8.95  5259  718 
1  154 291.44  -9.16  6662  810 
1  155 291.78  -9.76  5188  814 
1  156 292.35 -10.77  5081  748 
1  157 292.46 -10.98  4952  746 
1  158 292.57 -11.18  4804  752 
1  159 292.70 -11.39  4833  769 
1  160 292.81 -11.59  5505  789 
1  161 292.92 -11.79  6344  841 
1  162 293.04 -11.99  5300  771 
1  163 293.15 -12.19  5362 1095 
1  164 293.26 -12.39  5399  873 
1  165 293.39 -12.60  5165  814 
1  166 293.50 -12.80  3638  670 
1  167 293.62 -13.00  6344  879 
1  168 293.73 -13.20  7045  920 
1  169 293.85 -13.40  4431  756 
1  170 293.96 -13.60  5011  826 
1  171 294.09 -13.81  4956  797 
1  172 294.20 -14.01  4331  742 
1  173 294.32 -14.21  6205  869 
1  174 294.43 -14.41  6412  888 
1  175 294.55 -14.61  3812  715 
1  176 294.67 -14.81  5013  806 
1  177 294.79 -15.02  2367  599 
1  178 294.91 -15.22  3701  715 
1  179 295.03 -15.42  3031  707 
1  180 295.14 -15.62  3681  744 
1  181 295.26 -15.82  2369  611 
1  182 295.38 -16.02  2148  664 
1  183 295.50 -16.23  4446  793 
1  184 295.62 -16.43  2588  640 
1  185 295.74 -16.63  2121  599 
1  186 295.86 -16.83  2674  656 
1  187 295.98 -17.03  2713  664 
1  188 296.10 -17.23  1969  679 
1  189 296.23 -17.44  4300  834 
1  190 296.35 -17.64  3527  845 
1  191 296.47 -17.84  2597  748 
1  192 296.59 -18.04  2783  720 
1  193 296.71 -18.24  4382 1029 
1  194 296.83 -18.43  2422  691 
1  195 296.96 -18.64  3468  767 
1  196 297.08 -18.84  1916  613 
1  197 297.20 -19.04  3566  785 
1  198 297.33 -19.24  3171  781 
1  199 297.45 -19.44  3056  775 
1  200 298.32 -20.83  1695  597 
1  201 298.83 -21.63  3511  763 
1  202 298.96 -21.83  2990  705 
1  203 299.09 -22.03  3263  742 
1  204 299.22 -22.23  2365  621 
1  205 299.35 -22.43  2881  705 
1  206 299.48 -22.63  2064  599 
1  207 299.61 -22.83  1729  554 
1  208 299.74 -23.02  1772  525 
1  209 299.87 -23.22  2133  574 
1  210 300.00 -23.42  1731  527 
1  211 300.13 -23.62  2178  541 
1  212 300.92 -24.80  1604  467 
1  213 301.06 -24.99  1900  472 
1  214 301.20 -25.20  1588  439 
1  215 301.33 -25.39  1959  467 
1  216 301.47 -25.59  1008  373 
1  217 301.61 -25.79  1768  455 
1  218 301.74 -25.98  1719  433 
1  219 302.16 -26.56  1067  361 
1  220 302.30 -26.75  1613  408 
1  221 302.45 -26.94  1215  367 
1  222 302.60 -27.14  1807  416 
1  223 302.73 -27.36  1969  424 
1  224 302.82 -27.56  1651  418 
1  225 302.92 -27.76  2344  465 
1  226 303.04 -27.97  2223  472 
1  227 303.18 -28.17  1793  398 
1  228 303.32 -28.37  1941  416 
1  229 303.61 -28.77  1430  359 
1  230 303.75 -28.96  1877  400 
1  231 303.89 -29.15  2430  482 
1  232 304.04 -29.35  1973  410 
1  233 304.18 -29.54  1362  353 
1  234 304.33 -29.73  1342  340 
1  235 304.48 -29.94  1541  353 
1  236 304.63 -30.13  1740  375 
1  237 304.78 -30.32  1006  305 
1  238 304.92 -30.51  1590  361 
1  239 305.07 -30.71  1354  349 
1  240 305.22 -30.90  1658  377 
1  241 305.37 -31.09  1744  359 
1  242 305.52 -31.28  1668  381 
1  243 305.67 -31.48  1754  379 
1  244 305.83 -31.67  1420  338 
1  245 305.98 -31.86   889  285 
1  246 306.13 -32.06  1077  308 
1  247 306.28 -32.25  1063  297 
1  248 306.44 -32.44  1551  334 
1  249 306.59 -32.63  2123  385 
1  250 306.75 -32.83  1809  357 
1  251 307.06 -33.20  2264  414 
1  252 307.22 -33.39  1522  346 
1  253 307.69 -33.96  2102  363 
1  254 307.86 -34.16  1518  322 
1  255 308.50 -34.91  1422  312 
1  256 308.67 -35.10  1457  320 
1  257 309.50 -36.04  1071  279 
1  258 309.67 -36.23  1369  320 
1  259 309.84 -36.42  1352  305 
1  260 310.01 -36.60  1557  318 
1  261 310.18 -36.79  1455  310 
1  262 310.35 -36.97  1651  316 
1  263 310.52 -37.16  1256  299 
1  264 310.70 -37.34  1709  344 
1  265 310.88 -37.54  1358  305 
1  266 311.05 -37.72  1262  285 
1  267 311.23 -37.90  1584  449 
1  268 311.40 -38.09  1403  293 
1  269 311.58 -38.27  1061  269 
1  270 311.76 -38.45  1949  336 
1  271 311.94 -38.65  1526  310 
1  272 312.12 -38.83  1596  324 
1  273 312.30 -39.01  1020  262 
1  274 312.85 -39.55  1069  281 
1  275 313.04 -39.74  1375  289 
1  276 313.23 -39.93  1362  293 
1  277 313.42 -40.10  1041  264 
1  278 313.60 -40.29   913  260 
1  279 313.79 -40.47   600  231 
1  280 313.98 -40.65  1506  293 
1  281 314.18 -40.83  1268  273 
1  282 314.37 -41.01   503  214 
1  283 314.56 -41.19   760  241 
1  284 314.75 -41.37  1274  390 
1  285 314.95 -41.55  1004  256 
1  286 315.14 -41.72  1182  269 
1  287 315.35 -41.91   694  239 
1  288 315.55 -42.09   979  253 
1  289 315.75 -42.26  1336  277 
1  290 315.95 -42.44   854  253 
1  291 316.15 -42.62   991  256 
1  292 316.35 -42.79   805  233 
1  293 316.56 -42.97   940  243 
1  294 316.76 -43.15   825  233 
1  295 316.97 -43.32   924  251 
1  296 317.18 -43.50   985  249 
1  297 317.39 -43.67   487  204 
1  298 317.59 -43.84   797  235 
1  299 317.81 -44.02   998  253 
1  300 318.03 -44.20  1059  251 
1  301 318.24 -44.37   915  241 
1  302 318.46 -44.54  1352  273 
1  303 318.67 -44.71   797  227 
1  304 318.89 -44.88   622  212 
1  305 319.11 -45.06  1258  260 
1  306 319.33 -45.23   713  218 
1  307 319.56 -45.40   875  231 
1  308 319.78 -45.57  1301  267 
1  309 320.00 -45.74  1260  295 
1  310 320.22 -45.91   723  222 
1  311 320.46 -46.08   813  233 
1  312 320.69 -46.25  1233  570 
1  313 320.92 -46.42  1129  249 
1  314 321.15 -46.58   862  231 
1  315 321.38 -46.75  1506  543 
1  316 321.61 -46.92   981  243 
1  317 321.86 -47.09   942  235 
1  318 322.10 -47.25   614  206 
1  319 322.33 -47.42   608  206 
1  320 322.57 -47.58   987  256 
1  321 323.80 -48.40   926  243 
1  322 324.05 -48.56   856  220 
1  323 324.30 -48.72   758  214 
1  324 324.55 -48.88   723  220 
1  325 324.82 -49.04   811  220 
1  326 325.07 -49.20   928  249 
1  327 325.33 -49.36   922  237 
1  328 325.58 -49.52   885  224 
1  329 325.85 -49.67   424  196 
1  330 326.12 -49.84  1149  245 
1  331 326.38 -49.99   721  208 
1  332 326.64 -50.15   840  216 
1  333 326.91 -50.30  1446  255 
1  334 327.18 -50.46  1295  260 
1  335 327.45 -50.61   629  210 
1  336 327.73 -50.77  1174  243 
1  337 328.01 -50.92   508  196 
1  338 328.28 -51.07   870  247 
1  339 328.56 -51.22   932  227 
1  340 328.84 -51.37   688  235 
1  341 329.12 -51.52  1354  249 
1  342 329.41 -51.68   749  214 
1  343 329.70 -51.82   538  204 
1  344 329.99 -51.97   508  202 
1  345 330.28 -52.11   840  229 
1  346 330.57 -52.26   901  521 
1  347 330.86 -52.41   870  235 
1  348 331.17 -52.56  1174  249 
1  349 331.46 -52.70  1112  243 
1  350 332.06 -52.98   749  218 
1  351 332.36 -53.13   598  200 
1  352 332.66 -53.27  1022  241 
1  353 332.99 -53.41   387  192 
1  354 333.29 -53.55   719  216 
1  355 333.60 -53.69   598  200 
1  356 333.92 -53.83   659  204 
1  357 334.23 -53.96  1053  260 
1  358 334.54 -54.10   296  175 
1  359 334.88 -54.24   629  210 
1  360 335.20 -54.37   508  196 
1  361 335.52 -54.51  1174  247 
1  362 335.85 -54.64   840  224 
1  363 336.17 -54.77   690  206 
1  364 336.50 -54.90  1112  249 
1  365 336.85 -55.04   567  202 
1  366 337.18 -55.16   598  208 
1  367 337.52 -55.29   991  239 
1  368 337.85 -55.42   387  181 
1  369 338.20 -55.54   598  204 
1  370 338.54 -55.67   598  204 
1  371 338.89 -55.80   598  204 
1  372 339.24 -55.92   446  196 
1  373 339.59 -56.04   508  192 
1  374 339.94 -56.16   477  200 
1  375 340.29 -56.29   719  212 
1  376 340.65 -56.41   356  179 
1  377 341.02 -56.52  1205  255 
1  378 341.38 -56.64   659  204 
1  379 341.74 -56.76   294  179 
1  380 342.11 -56.88  1084  241 
1  381 342.48 -56.99   508  196 
1  382 342.84 -57.10   780  220 
1  383 343.23 -57.22   780  212 
1  384 343.60 -57.33   991  262 
1  385 343.98 -57.43   508  202 
1  386 344.36 -57.54   114  159 
1  387 344.74 -57.65   446  202 
1  388 345.12 -57.76   901  220 
1  389 345.52 -57.87   719  216 
1  390 345.91 -57.97  1416  256 
1  391 346.30 -58.07  1143  247 
1  392 346.69 -58.17   961  233 
1  393 347.08 -58.28   659  212 
1  394 347.49 -58.38   659  208 
1  395 347.89 -58.47   629  210 
1  396 348.29 -58.57   809  214 
1  397 348.69 -58.67   780  216 
1  398 349.10 -58.76   688  231 
1  399 349.51 -58.85   567  206 
1  400 349.93 -58.94   991  521 
1  401 350.34 -59.04   204  171 
1  402 350.75 -59.13   508  192 
1  403 351.17 -59.21   659  216 
1  404 351.59 -59.30   719  208 
1  405 352.01 -59.38   567  196 
1  406 352.45 -59.47   294  175 
1  407 352.87 -59.55   415  186 
1  408 353.30 -59.63   719  220 
1  409 353.72 -59.71  1051  525 
1  410 354.16 -59.78   778  220 
1  411 354.59 -59.86   415  186 
1  412 355.04 -59.94  1295  531 
1  413 355.47 -60.02   477  200 
1  414 355.91 -60.09   961  237 
1  415 356.35 -60.16   719  220 
1  416 356.80 -60.22   567  202 
1  417 357.24 -60.29   446  188 
1  418 357.70 -60.36   657  208 
1  419 358.15 -60.43   749  218 
1  420 358.60 -60.49   870  222 
1  421 359.05 -60.55   629  202 
1  422 359.50 -60.61   415  186 
1  423 359.95 -60.67   778  224 
1  424   0.43 -60.73   567  196 
1  425   0.88 -60.78   840  258 
1  426   1.34 -60.84   778  216 
1  427   1.80 -60.89   536  212 
1  428   2.27 -60.94   415  186 
1  429   2.73 -60.99   356  179 
1  430   3.21 -61.04   778  220 
1  431   3.68 -61.08   294  175 
1  432   4.15 -61.13   204  167 
1  433   4.61 -61.17   598  200 
1  434   5.08 -61.21   719  220 
1  435   5.56 -61.25   598  204 
1  436   6.05 -61.29   114  163 
1  437   6.52 -61.32   688  206 
1  438   7.00 -61.36   387  188 
1  439   7.47 -61.39   567  196 
1  440   7.95 -61.43   598  204 
1  441   8.42 -61.46   901  224 
1  442   8.92 -61.48  1203  529 
1  443   9.40 -61.50   446  188 
1  444   9.88 -61.53   749  231 
1  445  10.36 -61.55   536  194 
1  446  10.84 -61.58   778  212 
1  447  11.35 -61.60   961  233 
1  448  11.83 -61.61   809  231 
1  449  12.31 -61.63   778  216 
1  450  12.79 -61.64  1051  295 
1  451  13.28 -61.65   356  186 
1  452  13.76 -61.66   749  214 
1  453  14.27 -61.67   477  194 
1  454  14.75 -61.68   688  210 
1  455  15.24 -61.69   719  224 
1  456  15.72 -61.69  1112  330 
1  457  16.21 -61.70   778  220 
1  458  16.69 -61.69   749  218 
1  459  17.20 -61.69   930  231 
1  460  17.68 -61.68   264  177 
1  461  18.17 -61.68   809  243 
1  462  18.65 -61.68   536  212 
1  463  19.14 -61.67   536  194 
1  464  19.62 -61.66   536  194 
1  465  20.13 -61.65   688  210 
1  466  20.61 -61.63   536  194 
1  467  21.09 -61.61   778  224 
1  468  21.57 -61.60   719  212 
1  469  22.05 -61.58   809  218 
1  470  22.54 -61.56   567  206 
1  471  23.04 -61.54   506  192 
1  472  23.52 -61.51   930  235 
1  473  24.00 -61.49   385  188 
1  474  24.48 -61.46   809  222 
1  475  24.95 -61.43   870  227 
1  476  25.43 -61.40  1143  237 
1  477  25.92 -61.36  1112  245 
1  478  26.40 -61.33   870  218 
1  479  26.87 -61.30   657  212 
1  480  27.34 -61.26   567  196 
1  481  27.82 -61.22   598  204 
1  482  28.29 -61.18   508  210 
1  483  28.78 -61.14   536  200 
1  484  29.24 -61.10   809  227 
1  485  29.71 -61.04   719  212 
1  486  30.17 -61.00   961  224 
1  487  30.64 -60.95   930  271 
1  488  31.10 -60.90   114  159 
1  489  31.58 -60.85  1020  233 
1  490  32.04 -60.79   688  206 
1  491  32.50 -60.74   778  212 
1  492  32.96 -60.68   778  212 
1  493  33.40 -60.63   870  235 
1  494  33.86 -60.57   719  220 
1  495  34.33 -60.50   567  196 
1  496  34.77 -60.43   446  202 
1  497  35.22 -60.37   598  204 
1  498  35.67 -60.31   235  175 
1  499  36.11 -60.24   356  186 
1  500  36.57 -60.17   477  194 
1  501  37.01 -60.10   991  328 
1  502  37.45 -60.03   899  224 
1  503  37.89 -59.96   840  220 
1  504  38.32 -59.88  1264  247 
1  505  38.76 -59.81  1051  235 
1  506  39.20 -59.72   719  216 
1  507  39.63 -59.64   809  218 
1  508  40.06 -59.56   961  229 
1  509  40.48 -59.48   809  214 
1  510  40.90 -59.40   657  212 
1  511  41.32 -59.32   809  314 
1  512  41.76 -59.23   899  224 
1  513  42.18 -59.14   899  224 
1  514  42.59 -59.05   598  204 
1  515  43.00 -58.96  1051  243 
1  516  43.41 -58.87   809  214 
1  517  43.82 -58.78   719  212 
1  518  44.23 -58.68   991  247 
1  519  45.44 -58.39  1051  243 
1  520  45.83 -58.29   325  181 
1  521  46.23 -58.19   387  188 
1  522  46.64 -58.09   809  218 
1  523  47.03 -57.99   778  216 
1  524  47.42 -57.89   930  235 
1  525  47.80 -57.78   387  181 
1  526  48.18 -57.68   991  227 
1  527  48.57 -57.57   567  202 
1  528  48.95 -57.45   477  194 
1  529  49.33 -57.34   809  218 
1  530  49.70 -57.23  1416  537 
1  531  50.08 -57.12   961  229 
1  532  50.45 -57.01   901  220 
1  533  50.81 -56.90   629  218 
1  534  51.19 -56.78   446  188 
1  535  51.56 -56.66   143  161 
1  536  52.99 -56.19   870  222 
1  537  53.35 -56.07   778  216 
1  538  53.70 -55.95  1112  243 
1  539  54.04 -55.82   930  227 
1  540  54.39 -55.69   870  218 
1  541  54.73 -55.57  1143  245 
1  542  55.07 -55.44   508  196 
1  543  55.42 -55.31  1293  249 
1  544  55.76 -55.18   930  227 
1  545  56.09 -55.06   901  220 
1  546  56.43 -54.93   778  245 
1  547  56.76 -54.80   719  208 
1  548  57.10 -54.66   536  200 
1  549  57.43 -54.53   508  202 
1  550  57.75 -54.40   629  202 
1  551  58.07 -54.27  1051  235 
1  552  58.39 -54.13   840  249 
1  553  58.70 -53.99   598  204 
1  554  59.03 -53.85   536  194 
1  555  59.34 -53.71   264  171 
1  556  59.65 -53.57   536  200 
1  557  59.96 -53.43   294  175 
1  558  60.27 -53.30   930  222 
1  559  60.57 -53.16  1264  269 
1  560  60.89 -53.01   961  241 
1  561  61.19 -52.87   930  227 
1  562  61.49 -52.73   508  192 
1  563  61.79 -52.58   688  210 
1  564  62.08 -52.44   659  208 
1  565  62.37 -52.29  1174  328 
1  566  62.68 -52.14   629  206 
1  567  62.97 -52.00   659  204 
1  568  63.24 -51.84   809  218 
1  569  63.53 -51.70   811  336 
1  570  63.81 -51.55   598  200 
1  571  64.10 -51.40   932  227 
1  572  65.22 -50.79  1112  239 
1  573  65.49 -50.64  1205  245 
1  574  65.76 -50.49  1354  249 
1  575  66.04 -50.33   809  239 
1  576  66.31 -50.18   991  231 
1  577  66.58 -50.02  1295  346 
1  578  66.84 -49.87  1174  253 
1  579  67.10 -49.71  1203  264 
1  580  67.36 -49.55   961  237 
1  581  67.63 -49.39   749  210 
1  582  67.88 -49.23   719  208 
1  583  68.14 -49.07  1084  237 
1  584  68.39 -48.91  1084  247 
1  585  68.64 -48.75   749  214 
1  586  68.89 -48.59  1143  241 
1  587  69.15 -48.42   719  216 
1  588  69.40 -48.26   932  222 
1  589  69.65 -48.10   749  214 
1  590  69.89 -47.94  1114  243 
1  591  70.14 -47.78  1235  249 
1  592  70.38 -47.62  1416  256 
1  593  70.63 -47.45   993  235 
1  594  70.87 -47.28  1022  237 
1  595  71.10 -47.12  1205  245 
1  596  71.34 -46.95   690  214 
1  597  71.57 -46.79  1143  241 
1  598  71.82 -46.61   963  233 
1  599  72.04 -46.44  1143  326 
1  600  72.27 -46.28   842  216 
1  601  72.49 -46.11   870  239 
1  602  72.72 -45.94   749  214 
1  603  72.95 -45.77  1326  258 
1  604  73.18 -45.60   690  206 
1  605  73.40 -45.43   963  233 
1  606  73.63 -45.26   598  200 
1  607  73.85 -45.09  1022  233 
1  608  74.06 -44.92  1387  251 
1  609  74.28 -44.75  1143  247 
1  610  74.51 -44.57  1053  243 
1  611  74.72 -44.40  1446  264 
1  612  74.94 -44.23  1143  245 
1  613  75.15 -44.05  1174  247 
1  614  75.36 -43.88  1205  247 
1  615  75.57 -43.71   842  220 
1  616  75.79 -43.53  1235  249 
1  617  76.00 -43.35  1053  239 
1  618  76.19 -43.17  1084  233 
1  619  76.40 -43.00  1174  239 
1  620  76.60 -42.82  1477  283 
1  621  76.80 -42.65   901  229 
1  622  77.01 -42.47  1084  241 
1  623  77.22 -42.29   446  188 
1  624  77.41 -42.11  1205  241 
1  625  77.61 -41.94  1053  231 
1  626  77.81 -41.76  1084  237 
1  627  78.01 -41.58  1205  245 
1  628  78.21 -41.40  1477  273 
1  629  78.40 -41.22  1567  271 
1  630  79.55 -40.14   719  212 
1  631  79.74 -39.96  1233  256 
1  632  79.93 -39.78  1205  241 
1  633  80.10 -39.59   932  227 
1  634  80.29 -39.41   901  229 
1  635  80.48 -39.22   417  186 
1  636  80.66 -39.04   598  200 
1  637  80.84 -38.86   963  233 
1  638  81.02 -38.68   870  222 
1  639  81.20 -38.49   598  200 
1  640  81.38 -38.31   629  206 
1  641  81.56 -38.12   780  220 
1  642  81.74 -37.94  1205  332 
1  643  81.92 -37.75  1143  237 
1  644  82.09 -37.57  1053  243 
1  645  82.26 -37.38   598  200 
1  646  82.44 -37.19  1084  251 
1  647  82.62 -37.01   780  216 
1  648  82.79 -36.82   780  212 
1  649  82.96 -36.64  1053  231 
1  650  83.13 -36.45   477  204 
1  651  83.30 -36.27  1022  245 
1  652  83.47 -36.07   840  224 
1  653  83.64 -35.89   356  179 
1  654  83.81 -35.70   417  190 
1  655  83.96 -35.51  1022  301 
1  656  84.13 -35.32   780  224 
1  657  84.29 -35.14   901  233 
1  658  84.46 -34.94   811  227 
1  659  84.62 -34.75  1233  245 
1  660  84.79 -34.57   538  200 
1  661  84.95 -34.38   749  210 
1  662  85.11 -34.19   991  227 
1  663  85.27 -34.00   780  220 
1  664  85.43 -33.81   932  239 
1  665  85.59 -33.62   963  233 
1  666  85.75 -33.43  1084  245 
1  667  85.91 -33.24   719  212 
1  668  86.06 -33.05  1143  241 
1  669  86.22 -32.86   629  206 
1  670  86.38 -32.66  1385  264 
1  671  86.53 -32.47  1264  340 
1  672  86.69 -32.28   780  212 
1  673  86.84 -32.09   538  200 
1  674  86.99 -31.90   569  202 
1  675  87.14 -31.71   749  218 
1  676  87.89 -30.74  1143  241 
1  677  88.04 -30.55  1233  245 
1  678  88.63 -29.78  1748  281 
1  679  88.78 -29.58   780  212 
1  680  88.92 -29.39   780  216 
1  681  89.07 -29.19  1082  233 
1  682  89.21 -29.00  1053  235 
1  683  89.36 -28.80   598  200 
1  684  89.50 -28.61  1112  239 
1  685  89.64 -28.42   811  218 
1  686  89.78 -28.22  1112  253 
1  687  89.93 -28.02   901  220 
1  688  90.07 -27.83   932  222 
1  689  90.21 -27.63  1143  326 
1  690  90.35 -27.44   690  210 
1  691  90.49 -27.25   749  210 
1  692  90.63 -27.04  1233  256 
1  693  90.77 -26.85   446  192 
1  694  90.91 -26.66  1082  241 
1  695  91.04 -26.46  1326  251 
1  696  91.17 -26.26   719  212 
1  697  91.31 -26.07  1174  239 
1  698  91.99 -25.08  1295  256 
1  699  92.12 -24.89  1446  258 
1  700  92.26 -24.68   749  218 
1  701  92.39 -24.49  1385  260 
1  702  92.53 -24.29  1295  249 
1  703  92.66 -24.09  1444  535 
1  704  92.79 -23.90   961  224 
1  705  92.92 -23.70   870  218 
1  706  93.06 -23.50  1717  279 
1  707  93.19 -23.30  1475  258 
1  708  93.32 -23.10  1354  253 
1  709  93.45 -22.91  1295  249 
1  710  93.57 -22.71  1112  243 
1  711  93.70 -22.51  1475  258 
1  712  93.84 -22.31  1475  262 
1  713  94.22 -21.71  1084  237 
1  714  94.35 -21.52  1688  277 
1  715  94.46 -21.31  1356  256 
1  716  94.60 -21.11  1385  255 
1  717  94.72 -20.91  1264  251 
1  718  94.85 -20.71  1112  239 
1  719  94.97 -20.51  1750  275 
1  720  95.10 -20.32  1809  287 
1  721  95.22 -20.12  1750  277 
1  722  95.35 -19.91  2023  297 
1  723  95.48 -19.71  1326  247 
1  724  95.60 -19.52  2355  312 
1  725  95.72 -19.32  2447  312 
1  726  95.85 -19.12  3113  342 
1  727  95.97 -18.92  2658  326 
1  728  96.10 -18.71  3507  359 
1  729  96.22 -18.51  3779  379 
1  730  96.34 -18.31  3810  377 
1  731  96.46 -18.12  3082  340 
1  732  96.58 -17.92  2629  318 
1  733  96.70 -17.72  3566  371 
1  734  96.83 -17.51  5022  414 
1  735  97.19 -16.91  3658  375 
1  736  97.31 -16.71  4111  385 
1  737  98.26 -15.09  3960  394 
1  738  98.38 -14.89  3144  340 
1  739  98.50 -14.69  2810  326 
1  740  98.61 -14.49  3931  381 
1  741  98.73 -14.29  3386  355 
1  742  98.85 -14.08  2902  328 
1  743  98.97 -13.88  3205  414 
1  744  99.08 -13.68  2264  308 
1  745  99.55 -12.87  2961  344 
1  746  99.67 -12.67  2871  330 
1  747 100.13 -11.87  3113  351 
1  748 100.25 -11.66  3447  363 
1  749 100.36 -11.46  2902  346 
1  750 100.47 -11.26  2902  334 
1  751 100.59 -11.06  3054  342 
1  752 101.27  -9.84  3326  349 
1  753 101.38  -9.64  2416  308 
1  754 101.49  -9.43  2992  340 
1  755 101.61  -9.22  2537  314 
1  756 101.72  -9.02  4417  410 
1  757 101.84  -8.82  3507  369 
1  758 102.17  -8.22  3568  363 
1  759 102.29  -8.01  3023  332 
1  760 102.74  -7.20  3234  353 
1  761 102.85  -6.99  3537  361 
1  762 102.96  -6.79  3265  349 
1  763 103.41  -5.98  3537  373 
1  764 103.52  -5.77  4294  404 
1  765 103.63  -5.57  5475  443 
1  766 103.74  -5.37  5081  422 
1  767 103.86  -5.16  4718  412 
1  768 103.97  -4.96  5536  433 
1  769 104.08  -4.76  5081  420 
1  770 104.19  -4.55  5171  418 
1  771 104.30  -4.35  4960  420 
1  772 104.41  -4.14  4536  400 
1  773 105.40  -2.32  3960  398 
1  774 105.52  -2.10  6082  455 
1  775 105.63  -1.90  5444  435 
1  776 105.74  -1.70  4626  402 
1  777 105.85  -1.50  6051  449 
1  778 106.18  -0.88  6051  455 
1  779 106.29  -0.68  4718  408 
1  780 106.40  -0.48  4749  410 
1  781 106.51  -0.28  5536  459 
1  782 106.62  -0.07  3628  363 
1  783 106.73   0.13  3749  375 
1  784 106.84   0.34  3265  359 
1  785 106.95   0.54  3810  373 
1  786 107.06   0.74  3476  357 
1  787 107.17   0.94  3658  377 
1  788 107.28   1.15  2810  334 
1  789 107.39   1.35  1781  277 
1  790 107.51   1.56  1781  277 
1  791 107.61   1.76  2385  316 
1  792 107.72   1.97  2264  308 
1  793 107.83   2.17  3203  344 
1  794 107.94   2.37  3505  361 
1  795 108.05   2.57  2810  326 
1  796 108.50   3.39  2931  336 
1  797 108.61   3.59  2506  316 
1  798 108.72   3.80  3263  342 
1  799 108.83   4.00  2838  328 
1  800 109.16   4.61  3535  357 
1  801 109.27   4.81  3535  363 
1  802 109.39   5.02  4353  402 
1  803 109.50   5.22  2689  320 
1  804 109.61   5.43  3355  355 
1  805 110.06   6.24  3900  377 
1  806 110.17   6.44  3384  351 
1  807 110.28   6.65  3294  355 
1  808 110.39   6.85  2748  324 
1  809 110.50   7.05  3142  346 
1  810 110.62   7.25  3505  357 
1  811 110.73   7.46  3232  353 
1  812 110.84   7.66  2687  324 
1  813 110.95   7.87  3080  361 
1  814 111.06   8.07  3626  371 
1  815 111.18   8.27  2959  332 
1  816 111.29   8.47  2990  334 
1  817 111.41   8.68  3263  349 
1  818 111.52   8.88  3263  346 
1  819 111.63   9.08  3142  351 
1  820 111.97   9.69  2629  322 
1  821 112.09   9.90  2478  320 
1  822 112.20  10.10  2568  318 
1  823 112.31  10.30  3082  420 
1  824 112.43  10.50  1811  275 
1  825 112.54  10.70  2326  301 
1  826 112.65  10.90  2113  291 
1  827 112.77  11.11  3507  363 
1  828 112.89  11.31  2689  338 
1  829 113.00  11.52  2205  310 
1  830 113.12  11.72  2115  297 
1  831 113.23  11.92  1781  277 
1  832 113.34  12.12  1811  277 
1  833 113.46  12.33  2115  293 
1  834 113.93  13.13  1719  283 
1  835 114.04  13.33  1871  281 
1  836 114.16  13.54  2174  293 
1  837 114.28  13.74  1992  297 
1  838 114.39  13.94  1902  279 
1  839 114.51  14.14  1840  279 
1  840 114.63  14.34  1326  251 
1  841 114.75  14.55  1748  277 
1  842 115.22  15.35  1356  253 
1  843 115.70  16.16  1871  285 
1  844 115.82  16.36  1537  283 
1  845 115.94  16.56  1477  262 
1  846 116.42  17.36  1598  273 
1  847 116.54  17.56   963  241 
1  848 116.66  17.76  1416  271 
1  849 116.79  17.96  1961  549 
1  850 116.91  18.17   690  214 
1  851 117.03  18.37  1205  255 
1  852 117.52  19.16  1326  251 
1  853 117.65  19.37  1084  245 
1  854 117.77  19.57   991  235 
1  855 117.90  19.76  1508  264 
1  856 118.02  19.96  2174  305 
1  857 118.15  20.16  1053  243 
1  858 118.27  20.36  1356  256 
1  859 118.40  20.57  1022  233 
1  860 118.53  20.76  1598  269 
1  861 118.65  20.96   780  216 
1  862 118.78  21.16   749  214 
1  863 118.91  21.36   963  224 
1  864 119.03  21.55   901  220 
1  865 119.17  21.76   870  222 
1  866 119.29  21.96  1235  273 
1  867 119.42  22.15   901  224 
1  868 119.55  22.35   870  222 
1  869 119.68  22.55   811  218 
1  870 119.81  22.74   811  214 
1  871 119.94  22.95   811  218 
1  872 120.07  23.15  1053  253 
1  873 120.20  23.34   842  216 
1  874 120.33  23.54   598  204 
1  875 120.46  23.74  1205  247 
1  876 120.60  23.94  1053  235 
1  877 120.73  24.14   870  227 
1  878 120.87  24.33   508  192 
1  879 121.00  24.53   659  212 
1  880 121.67  25.51  1112  247 
1  881 121.81  25.71   901  229 
1  882 121.95  25.90  1264  531 
1  883 122.09  26.10   840  237 
1  884 122.23  26.30  1295  334 
1  885 122.37  26.49   901  224 
1  886 122.51  26.68  1022  233 
1  887 122.67  26.87   840  216 
1  888 122.88  27.07   629  202 
1  889 123.00  27.40   991  227 
1  890 122.97  27.49   840  220 
1  891 123.10  27.71  1022  229 
1  892 123.24  27.91  1084  241 
1  893 123.39  28.10  1053  235 
1  894 123.53  28.30  1022  237 
1  895 123.67  28.49   870  218 
1  896 123.82  28.69   629  202 
1  897 123.96  28.88   901  224 
1  898 124.11  29.08   719  216 
1  899 124.25  29.27   811  231 
1  900 124.40  29.46   811  214 
1  901 124.54  29.65   567  196 
1  902 124.69  29.85   598  204 
1  903 124.84  30.05   567  196 
1  904 124.99  30.24  1416  267 
1  905 125.14  30.43   629  202 
1  906 125.28  30.62   870  231 
1  907 125.43  30.81   991  227 
1  908 125.59  31.01   719  212 
1  909 125.74  31.20   749  210 
1  910 125.89  31.39   719  212 
1  911 126.04  31.58  1235  247 
1  912 126.19  31.77   749  210 
1  913 126.34  31.97   932  231 
1  914 126.50  32.16   719  216 
1  915 126.66  32.35   780  212 
1  916 126.81  32.54   749  227 
1  917 126.96  32.73   870  322 
1  918 127.12  32.92   811  222 
1  919 127.28  33.11   963  237 
1  920 127.44  33.31   870  222 
1  921 127.60  33.50   932  231 
1  922 127.75  33.69   598  229 
1  923 127.91  33.87   901  237 
1  924 128.07  34.06   870  218 
1  925 128.23  34.25   719  216 
1  926 128.40  34.45   598  204 
1  927 128.56  34.63   387  188 
1  928 128.73  34.82   387  192 
1  929 129.39  35.58   780  216 
1  930 129.56  35.76   659  208 
1  931 129.72  35.95   991  239 
1  932 129.89  36.13   961  247 
1  933 130.06  36.32   688  210 
1  934 130.24  36.51   870  222 
1  935 130.41  36.70   719  216 
1  936 130.58  36.88   659  208 
1  937 130.75  37.07   477  194 
1  938 130.92  37.25   657  204 
1  939 131.63  37.99   719  208 
1  940 131.81  38.18  1233  267 
1  941 131.99  38.36   840  216 
1  942 132.16  38.54   749  214 
1  943 132.35  38.73   629  206 
1  944 132.53  38.91   749  210 
1  945 132.72  39.09   749  243 
1  946 132.90  39.28   629  202 
1  947 133.08  39.46  1051  523 
1  948 133.26  39.64   598  204 
1  949 133.46  39.83  1264  251 
1  950 133.64  40.01  1143  241 
1  951 133.83  40.19   567  202 
1  952 134.02  40.37   930  227 
1  953 134.21  40.54  1082  233 
1  954 134.40  40.72   901  224 
1  955 134.60  40.91  1172  256 
1  956 134.79  41.09  1203  241 
1  957 134.99  41.27   778  224 
1  958 135.18  41.44   901  224 
1  959 135.38  41.62   991  231 
1  960 135.58  41.80  1051  235 
1  961 135.78  41.98   778  216 
1  962 135.98  42.16   477  194 
1  963 136.18  42.33   657  204 
1  964 136.38  42.51   870  222 
1  965 136.58  42.69   749  214 
1  966 136.79  42.86   688  210 
1  967 137.00  43.04   477  208 
1  968 137.21  43.22   536  224 
1  969 137.42  43.39   870  235 
1  970 137.62  43.56   688  214 
1  971 137.83  43.74  1537  541 
1  972 138.05  43.91   657  220 
1  973 138.27  44.09   749  210 
1  974 138.48  44.26   387  181 
1  975 138.69  44.43   629  202 
1  976 138.91  44.60   719  224 
1  977 139.13  44.77   598  204 
1  978 139.35  44.95   387  181 
1  979 139.57  45.12   809  235 
1  980 139.80  45.29  1051  523 
1  981 140.02  45.46   508  247 
1  982 140.24  45.63   477  190 
1  983 140.46  45.80   991  322 
1  984 140.70  45.97   387  188 
1  985 140.93  46.14   325  210 
1  986 141.16  46.30   688  222 
1  987 141.39  46.47   536  200 
1  988 141.62  46.63   598  212 
1  989 141.86  46.80  1022  245 
1  990 142.10  46.97   536  212 
1  991 142.34  47.14  1537  543 
1  992 142.57  47.30   567  196 
1  993 142.82  47.46   415  186 
1  994 143.06  47.62   749  222 
1  995 143.30  47.79   930  247 
1  996 143.55  47.96   446  196 
1  997 143.80  48.12   688  210 
1  998 144.05  48.28  1022  245 
1  999 144.29  48.44   870  227 
1 1000 144.54  48.60   778  241 
1 1001 144.79  48.76   840  220 
1 1002 145.06  48.92   143  161 
1 1003 145.31  49.08  1051  525 
1 1004 145.57  49.24   477  200 
1 1005 145.83  49.39  1143  525 
1 1006 146.09  49.55   477  190 
1 1007 146.35  49.71   598  212 
1 1008 146.62  49.87   387  181 
1 1009 146.89  50.02   446  188 
1 1010 147.16  50.17   901  233 
1 1011 147.43  50.33   477  194 
1 1012 147.70  50.48   508  299 
1 1013 147.97  50.63   991  523 
1 1014 148.25  50.79   659  208 
1 1015 148.53  50.94   629  206 
1 1016 148.80  51.09   446  192 
1 1017 149.09  51.24   629  210 
1 1018 149.37  51.39   629  214 
1 1019 149.65  51.54   870  231 
1 1020 149.95  51.69   477  190 
1 1021 150.23  51.84   415  194 
1 1022 150.52  51.98   536  204 
1 1023 150.81  52.13  1051  243 
1 1024 151.10  52.27   719  212 
1 1025 151.41  52.42   325  177 
1 1026 151.71  52.56   508  196 
1 1027 152.00  52.71   657  216 
1 1028 152.30  52.85   446  202 
1 1029 152.61  52.99   387  181 
1 1030 152.91  53.13   657  208 
1 1031 153.23  53.27   446  206 
1 1032 153.53  53.41   477  194 
1 1033 153.85  53.55   598  204 
1 1034 154.16  53.68  1020  233 
1 1035 154.47  53.82   385  210 
1 1036 154.79  53.96  1506  713 
1 1037 155.12  54.10   446  192 
1 1038 155.44  54.23   778  216 
1 1039 155.76  54.36  1203  529 
1 1040 156.09  54.49   508  206 
1 1041 156.42  54.62   778  220 
1 1042 156.74  54.75  1020  324 
1 1043 157.09  54.89   899  220 
1 1044 157.42  55.01   325  188 
1 1045 157.76  55.14   294  186 
1 1046 158.09  55.27   446  192 
1 1047 158.43  55.39   598  204 
1 1048 158.77  55.52   747  214 
1 1049 159.13  55.65   567  196 
1 1050 159.47  55.77   629  206 
1 1051 160.53  56.13   657  204 
1 1052 160.88  56.25   567  210 
1 1053 161.25  56.37  1022  525 
1 1054 161.61  56.49   143  161 
1 1055 161.97  56.60   506  196 
1 1056 162.34  56.72   598  204 
1 1057 162.70  56.83   870  222 
1 1058 163.07  56.94  1022  324 
1 1059 163.46  57.05   840  224 
1 1060 163.83  57.16   930  231 
1 1061 164.21  57.27   749  222 
1 1062 164.58  57.38   477  200 
1 1063 164.96  57.49   899  224 
1 1064 165.34  57.59   780  212 
1 1065 165.74  57.70   536  204 
1 1066 166.13  57.81   809  218 
1 1067 166.51  57.91   508  192 
1 1068 166.90  58.01  1022  233 
1 1069 167.29  58.11   508  202 
1 1070 167.69  58.21  1203  247 
1 1071 168.51  58.40  1143  247 
1 1072 168.91  58.49   719  208 
1 1073 169.31  58.59  1112  529 
1 1074 169.71  58.68   870  222 
1 1075 170.14  58.77   235  169 
1 1076 170.55  58.86   780  216 
1 1077 170.96  58.95   688  214 
1 1078 171.37  59.04   173  175 
1 1079 171.79  59.13   659  208 
1 1080 172.20  59.21   659  212 
1 1081 172.64  59.30   659  204 
1 1082 173.07  59.37   446  192 
1 1083 173.49  59.45   598  301 
1 1084 173.92  59.53   446  188 
1 1085 174.35  59.61   567  206 
1 1086 174.77  59.68   629  214 
1 1087 175.22  59.76   508  202 
1 1088 175.66  59.84   266  171 
1 1089 176.09  59.91   508  303 
1 1090 176.53  59.98   477  204 
1 1091 176.97  60.05   901  220 
1 1092 177.41  60.11   629  206 
1 1093 177.87  60.18   598  204 
1 1094 178.32  60.25   809  314 
1 1095 178.77  60.30   356  186 
1 1096 179.22  60.36   688  214 
1 1097 179.66  60.42   688  218 
1 1098 180.12  60.48  1174  249 
1 1099 180.59  60.54   629  210 
1 1100 181.04  60.60   508  196 
1 1101 181.50  60.65   598  208 
1 1102 181.96  60.70   598  204 
1 1103 182.42  60.75   719  224 
1 1104 182.88  60.80   659  212 
1 1105 183.36  60.85   598  200 
1 1106 183.82  60.90   932  231 
1 1107 184.28  60.94   719  220 
1 1108 184.75  60.98   567  202 
1 1109 185.22  61.02   961  224 
1 1110 185.69  61.06   901  237 
1 1111 186.18  61.09   870  227 
1 1112 186.65  61.13   719  212 
1 1113 187.12  61.16   356  179 
1 1114 187.59  61.20   387  181 
1 1115 188.06  61.23   659  204 
1 1116 188.54  61.26   719  216 
1 1117 189.03  61.29   356  190 
1 1118 189.51  61.31   598  200 
1 1119 189.99  61.34   840  220 
1 1120 190.46  61.36   780  220 
1 1121 190.94  61.38   932  249 
1 1122 191.42  61.40   780  224 
1 1123 191.92  61.42   446  192 
1 1124 192.40  61.43   415  194 
1 1125 192.88  61.44   629  202 
1 1126 193.36  61.45   536  194 
1 1127 193.84  61.46   598  216 
1 1128 194.35  61.47   446  188 
1 1129 194.83  61.48   356  186 
1 1130 195.31  61.49   446  202 
1 1131 195.79  61.49   415  194 
1 1132 196.27  61.49   446  192 
1 1133 196.75  61.49   508  227 
1 1134 197.26  61.49   567  202 
1 1135 197.74  61.49   840  517 
1 1136 198.22  61.48   567  196 
1 1137 198.70  61.48  1082  245 
1 1138 199.18  61.47   659  204 
1 1139 200.65  61.42   961  224 
1 1140 201.12  61.41   477  194 
1 1141 201.60  61.39   508  196 
1 1142 202.08  61.37   567  202 
1 1143 202.56  61.35   477  190 
1 1144 203.06  61.33   567  196 
1 1145 203.54  61.31   294  175 
1 1146 204.01  61.28   659  204 
1 1147 204.49  61.26   387  188 
1 1148 204.96  61.23   598  200 
1 1149 205.44  61.20   719  208 
1 1150 205.93  61.17   780  224 
1 1151 206.40  61.13   719  212 
1 1152 206.87  61.10   536  194 
1 1153 207.34  61.06  1022  241 
1 1154 207.81  61.02   629  214 
1 1155 208.28  60.98   508  206 
1 1156 208.76  60.93   688  308 
1 1157 209.22  60.89   688  206 
1 1158 209.69  60.84   659  204 
1 1159 210.15  60.79   719  212 
1 1160 210.61  60.75   961  255 
1 1161 211.07  60.70   809  222 
1 1162 211.55  60.64   446  192 
1 1163 212.00  60.59  1264  531 
1 1164 212.46  60.54   961  281 
1 1165 212.91  60.48   508  192 
1 1166 213.36  60.42   567  196 
1 1167 213.81  60.36   901  237 
1 1168 214.28  60.30   417  194 
1 1169 214.73  60.24   659  208 
1 1170 215.17  60.18   963  249 
1 1171 215.61  60.11   659  204 
1 1172 216.06  60.04  1387  255 
1 1173 216.95  59.90   932  222 
1 1174 217.38  59.82   477  190 
1 1175 217.82  59.75   688  210 
1 1176 219.13  59.52   508  196 
1 1177 219.55  59.45   749  210 
1 1178 219.98  59.37   387  188 
1 1179 220.40  59.29   567  196 
1 1180 220.82  59.20   780  220 
1 1181 221.24  59.12   780  216 
1 1182 222.50  58.86   901  229 
1 1183 222.91  58.77   719  208 
1 1184 223.31  58.68   780  220 
1 1185 223.72  58.59  1082  525 
1 1186 224.13  58.48   961  224 
1 1187 224.53  58.39   840  216 
1 1188 225.33  58.20   508  206 
1 1189 225.72  58.10   811  239 
1 1190 226.12  58.00   811  214 
1 1191 226.52  57.90   840  220 
1 1192 226.91  57.79   901  224 
1 1193 227.30  57.69   719  251 
1 1194 227.68  57.59   840  220 
1 1195 228.06  57.48   749  218 
1 1196 228.44  57.38   538  200 
1 1197 228.83  57.27   780  216 
1 1198 229.21  57.16   780  220 
1 1199 229.58  57.05  1053  334 
1 1200 229.95  56.94   688  206 
1 1201 230.32  56.83   536  194 
1 1202 230.69  56.71   688  210 
1 1203 231.06  56.59   508  192 
1 1204 231.42  56.47   780  220 
1 1205 231.78  56.36  1143  241 
1 1206 232.13  56.24   932  231 
1 1207 232.49  56.12   325  188 
1 1208 232.84  56.00   415  190 
1 1209 233.21  55.88   536  204 
1 1210 233.56  55.76   991  231 
1 1211 233.90  55.63   780  212 
1 1212 234.25  55.51   870  222 
1 1213 234.59  55.39   809  218 
1 1214 234.93  55.26  1051  231 
1 1215 235.28  55.13   901  233 
1 1216 235.61  55.00   659  204 
1 1217 235.95  54.88   840  245 
1 1218 236.28  54.75   688  210 
1 1219 236.61  54.62   991  239 
1 1220 236.95  54.48   840  220 
1 1221 237.26  54.34   688  214 
1 1222 237.59  54.21   356  186 
1 1223 237.91  54.08   991  231 
1 1224 238.22  53.95   991  235 
1 1225 238.54  53.81   629  202 
1 1226 238.87  53.67   598  200 
1 1227 239.18  53.53   508  192 
1 1228 239.49  53.40   446  202 
1 1229 239.80  53.26   961  233 
1 1230 240.11  53.12   840  224 
1 1231 240.41  52.98   930  239 
1 1232 240.73  52.83  1416  262 
1 1233 241.03  52.69   991  227 
1 1234 241.32  52.55   629  301 
1 1235 241.62  52.41   930  227 
1 1236 241.92  52.27   567  196 
1 1237 242.21  52.12  1022  241 
1 1238 242.51  51.97   446  188 
1 1239 242.79  51.82   536  204 
1 1240 243.08  51.67   780  233 
1 1241 243.36  51.52   688  214 
1 1242 243.65  51.38   264  171 
1 1243 243.93  51.23   961  229 
1 1244 244.22  51.07   657  216 
1 1245 244.50  50.92   688  206 
1 1246 244.77  50.77   809  218 
1 1247 245.05  50.62   629  206 
1 1248 245.32  50.47   598  204 
1 1249 245.59  50.32   719  220 
1 1250 245.87  50.16   536  194 
1 1251 246.14  50.01   901  229 
1 1252 246.40  49.85   870  227 
1 1253 246.67  49.70   749  210 
1 1254 246.93  49.54  1565  545 
1 1255 247.19  49.39  1143  245 
1 1256 247.46  49.22  1385  258 
1 1257 247.70  49.06   901  224 
1 1258 247.96  48.90   749  214 
1 1259 248.21  48.74   840  216 
1 1260 248.47  48.59  1112  245 
1 1261 248.72  48.43  1172  239 
1 1262 248.98  48.26  1264  529 
1 1263 249.22  48.10   536  200 
1 1264 249.47  47.94   930  231 
1 1265 249.71  47.78  1110  249 
1 1266 249.96  47.62   870  222 
1 1267 250.20  47.45   778  212 
1 1268 250.45  47.28  1082  247 
1 1269 250.69  47.12   598  208 
1 1270 250.92  46.96   626  206 
1 1271 251.16  46.79   868  218 
1 1272 251.39  46.63  1020  237 
1 1273 251.64  46.45  1172  243 
1 1274 251.86  46.28  1383  256 
1 1275 252.09  46.12  1717  289 
1 1276 252.31  45.95   809  222 
1 1277 252.54  45.78   868  227 
1 1278 252.77  45.61   325  177 
1 1279 253.00  45.44   989  235 
1 1280 253.22  45.27   778  216 
1 1281 253.45  45.10   930  231 
1 1282 253.67  44.93   506  196 
1 1283 253.88  44.76  1535  539 
1 1284 254.10  44.59   506  192 
1 1285 254.33  44.41   989  227 
1 1286 254.54  44.24   446  188 
1 1287 254.76  44.07   809  231 
1 1288 254.97  43.90   688  210 
1 1289 255.18  43.73   959  237 
1 1290 255.39  43.56  1020  237 
1 1291 255.60  43.37   989  231 
1 1292 255.81  43.20   959  224 
1 1293 256.01  43.02  1172  256 
1 1294 256.22  42.85   989  227 
1 1295 256.42  42.67   989  231 
1 1296 256.63  42.50   747  214 
1 1297 256.84  42.32   596  198 
1 1298 257.24  41.96   747  210 
1 1299 257.44  41.79  1172  249 
1 1300 257.63  41.61   778  224 
1 1301 257.83  41.43   899  316 
1 1302 258.03  41.25   930  227 
1 1303 258.23  41.07   657  208 
1 1304 258.42  40.89   626  206 
1 1305 258.61  40.72   596  198 
1 1306 258.98  40.35   899  220 
1 1307 259.18  40.17  1291  262 
1 1308 259.37  39.99   747  210 
1 1309 259.56  39.81   686  206 
1 1310 259.74  39.63  1141  237 
1 1311 259.93  39.45  1020  237 
1 1312 260.11  39.27  1172  241 
1 1313 260.30  39.08  1262  269 
1 1314 260.48  38.90  1141  247 
1 1315 260.67  38.71  1051  231 
1 1316 260.85  38.53  1200  260 
1 1317 261.03  38.35   688  206 
1 1318 261.20  38.17   930  227 
1 1319 261.39  37.98  1473  269 
1 1320 261.56  37.79  1141  241 
1 1321 261.73  37.61   838  216 
1 1322 261.91  37.42  1231  241 
1 1323 262.08  37.24  1020  241 
1 1324 262.26  37.05  1535  285 
1 1325 262.44  36.86  1020  245 
2    1 244.50  45.42   510  397 
2    2 245.47  44.81   930  427 
2    3 245.72  44.65   340  386 
2    4 245.95  44.49  1542  457 
2    5 246.19  44.34   136  386 
2    6 246.43  44.18  1104  442 
2    7 246.67  44.03  1538  537 
2    8 246.90  43.86  1028  431 
2    9 247.14  43.70   612  454 
2   10 247.37  43.55  1017  435 
2   11 247.60  43.39  1538  457 
2   12 247.84  43.23  1349  450 
2   13 248.07  43.06  1002  427 
2   14 248.29  42.90  1380  510 
2   15 248.52  42.75   488  393 
2   16 248.96  42.42   873  408 
2   17 249.20  42.25   427  404 
2   18 249.42  42.09   794  416 
2   19 249.64  41.93   140  363 
2   20 249.85  41.77   907  412 
2   21 250.07  41.60  1266  442 
2   22 250.30  41.44   533  412 
2   23 250.52  41.27   541  412 
2   24 250.72  41.10   949  476 
2   25 250.94  40.94    95  370 
2   26 251.15  40.78   654  442 
2   27 251.38  40.61   310  408 
2   28 251.58  40.43  1470  442 
2   29 251.79  40.27   295  382 
2   30 252.21  39.94  1686  510 
2   31 252.41  39.76   850  408 
2   32 252.62  39.59  1119  446 
2   33 252.83  39.43   858  420 
2   34 253.03  39.26   537  389 
2   35 253.23  39.09   635  412 
2   36 253.44  38.91   726  408 
2   37 253.84  38.58    23  363 
2   38 254.03  38.40   998  423 
2   39 254.23  38.23   752  420 
2   40 254.44  38.06  1077  438 
2   41 254.63  37.89   287  378 
2   42 254.82  37.71   336  389 
2   43 255.02  37.54   703  420 
2   44 255.21  37.37   888  416 
2   45 255.41  37.19  1788  469 
2   46 255.79  36.84   809  416 
2   47 255.98  36.67   885  427 
2   48 256.17  36.50  1357  450 
2   49 256.36  36.31   514  397 
2   50 256.55  36.14  1463  465 
2   51 256.73  35.97   533  397 
2   52 256.91  35.79  1259  435 
2   53 257.10  35.61  1021  431 
2   54 257.29  35.43   885  423 
2   55 257.47  35.26  1164  427 
2   56 257.65  35.08  1183  431 
2   57 257.83  34.90  1323  454 
2   58 258.01  34.73   869  420 
2   59 258.20  34.54  1777  476 
2   60 258.37  34.36  1871  469 
2   61 258.55  34.19   662  404 
2   62 258.73  34.01   688  401 
2   63 258.91  33.83   703  416 
2   64 259.09  33.64   790  408 
2   65 259.26  33.47  1520  454 
2   66 259.44  33.29   835  412 
2   67 259.61  33.11  1319  442 
2   68 259.78  32.93   420  382 
2   69 259.96  32.74  1183  427 
2   70 260.14  32.57  1440  465 
2   71 260.30  32.38  1610  454 
2   72 260.47  32.20  1523  450 
2   73 260.64  32.03  1055  420 
2   74 260.82  31.84  2060  480 
2   75 260.98  31.65   635  404 
2   76 261.15  31.48  1085  427 
2   77 261.32  31.30   261  393 
2   78 261.48  31.11   756  408 
2   79 261.65  30.92   847  412 
2   80 261.82  30.74  1270  435 
2   81 261.99  30.56  1531  461 
2   82 262.14  30.38  1244  473 
2   83 262.31  30.19   786  412 
2   84 262.48  30.01   745  408 
2   85 262.63  29.82  1130  427 
2   86 262.80  29.64   714  416 
2   87 262.96  29.46  1357  446 
2   88 263.12  29.26   888  427 
2   89 263.28  29.08  1274  450 
2   90 263.44  28.90  1591  473 
2   91 263.60  28.71  1633  473 
2   92 263.75  28.53   416  397 
2   93 263.92  28.34  1285  457 
2   94 264.08  28.15  1939  476 
2   95 264.23  27.96  1814  484 
2   96 264.38  27.78  1160  438 
2   97 265.01  27.03  2079  499 
2   98 265.16  26.85  2124  484 
2   99 265.31  26.66  2170  488 
2  100 265.47  26.47  2226  510 
2  101 265.62  26.28  1304  450 
2  102 265.77  26.09   998  446 
2  103 265.92  25.91  1482  473 
2  104 266.07  25.72  2510  514 
2  105 266.22  25.52  1837  473 
2  106 266.37  25.34  1550  461 
2  107 266.52  25.15  2442  529 
2  108 266.66  24.96  2007  476 
2  109 266.81  24.78  2026  507 
2  110 266.97  24.58  1754  473 
2  111 267.11  24.39  1504  454 
2  112 267.26  24.21  1848  488 
2  113 267.41  24.02  2000  499 
2  114 267.55  23.83  2559  518 
2  115 267.70  23.63  1720  461 
2  116 267.85  23.45  1383  450 
2  117 267.98  23.26  3001  533 
2  118 268.13  23.07  2155  499 
2  119 268.27  22.88  1210  454 
2  120 268.42  22.68  3047  556 
2  121 268.56  22.49  2272  510 
2  122 268.71  22.31  1580  484 
2  123 268.84  22.11  2094  503 
2  124 268.99  21.93  1788  499 
2  125 269.14  21.73  1187  450 
2  126 269.27  21.54  1746  476 
2  127 269.41  21.35  2132  499 
2  128 269.56  21.16  2340  503 
2  129 269.69  20.97  1323  465 
2  130 269.84  20.77  2313  507 
2  131 269.97  20.58  2415  503 
2  132 270.53  19.81  1969  503 
2  133 270.67  19.62  2536  522 
2  134 270.80  19.43  2287  507 
2  135 270.94  19.24  2635  518 
2  136 271.48  18.46  1773  499 
2  137 271.62  18.27  2249  514 
2  138 271.75  18.08  2718  533 
2  139 271.89  17.88  3583  571 
2  140 272.03  17.69  1894  499 
2  141 272.16  17.50  2642  525 
2  142 272.29  17.31  2128  510 
2  143 272.42  17.11  1504  473 
2  144 272.56  16.91  1947  503 
2  145 272.70  16.72  2559  514 
2  146 272.82  16.53  3701  563 
2  147 272.96  16.34  4812  620 
2  148 273.09  16.14  2374  507 
2  149 273.22  15.94  3504  575 
2  150 273.36  15.75  2472  518 
2  151 273.48  15.56  1932  510 
2  152 273.62  15.37  3455  559 
2  153 273.74  15.17  2786  533 
2  154 273.88  14.97  2843  529 
2  155 274.01  14.78  2374  510 
2  156 274.14  14.58  3595  654 
2  157 274.27  14.39  3239  556 
2  158 274.40  14.20  3549  567 
2  159 274.53  14.00  3402  559 
2  160 274.66  13.80  3190  559 
2  161 274.79  13.61  1671  491 
2  162 274.92  13.41  2487  522 
2  163 275.05  13.22  2476  533 
2  164 275.18  13.02  2521  522 
2  165 275.31  12.83  3239  556 
2  166 275.43  12.63  3859  582 
2  167 275.56  12.44  3633  590 
2  168 275.68  12.24  2381  514 
2  169 275.82  12.04  3519  578 
2  170 275.94  11.85  2604  522 
2  171 276.07  11.66  2597  525 
2  172 276.19  11.46  2302  503 
2  173 276.32  11.27  2582  525 
2  174 276.45  11.06  3640  590 
2  175 276.58  10.87  3708  590 
2  176 276.95  10.29  4396  597 
2  177 277.46   9.50  4211  593 
2  178 277.58   9.30  3931  593 
2  179 277.71   9.10  4835  616 
2  180 277.83   8.91  3421  567 
2  181 277.96   8.71  4804  631 
2  182 278.08   8.52  4271  605 
2  183 278.21   8.32  5050  639 
2  184 278.33   8.12  3720  582 
2  185 278.45   7.92  4797  733 
2  186 278.58   7.73  6721  703 
2  187 278.70   7.53  6037  696 
2  188 278.83   7.34  4483  631 
2  189 278.95   7.13  4328  624 
2  190 279.08   6.94  6925  730 
2  191 291.16 -12.37  4952  900 
2  192 291.29 -12.56  5243  892 
2  193 291.41 -12.75  4551  869 
2  194 291.54 -12.95  6097  979 
2  195 291.67 -13.15  7035 1021 
2  196 291.80 -13.34  9654 1149 
2  197 291.93 -13.54  6475 1024 
2  198 292.06 -13.73  7322 1017 
2  199 292.18 -13.93  3878  835 
2  200 292.31 -14.12  7617 1055 
2  201 292.45 -14.32  7258 1043 
2  202 292.58 -14.51  6052  975 
2  203 292.71 -14.71  5712  964 
2  204 292.83 -14.90  5266  949 
2  205 292.96 -15.10  7700 1058 
2  206 293.10 -15.30  4294  896 
2  207 293.23 -15.49  5107  983 
2  208 293.36 -15.68  5984 1017 
2  209 293.49 -15.87  5606  983 
2  210 293.62 -16.07  5519  998 
2  211 293.75 -16.26  4733 1028 
2  212 293.89 -16.46  4661  975 
2  213 294.02 -16.66  3364  869 
2  214 294.15 -16.85  4003  956 
2  215 294.28 -17.04  3137  873 
2  216 294.42 -17.23  2801  869 
2  217 294.55 -17.42  3251  930 
2  218 294.69 -17.63  2703  885 
2  219 294.82 -17.82  1822  850 
2  220 294.95 -18.01  2064  839 
2  221 295.50 -18.79  3912 1009 
2  222 295.63 -18.98  3020  919 
2  223 295.77 -19.17  2899  926 
2  224 295.90 -19.36  5163 1100 
2  225 296.04 -19.55  3901 1036 
2  226 296.18 -19.74  2593  941 
2  227 296.32 -19.94  3678 1017 
2  228 296.46 -20.14  4407 1036 
2  229 296.59 -20.33  2570  885 
2  230 296.73 -20.52  1293  798 
2  231 296.87 -20.71  4343 1032 
2  232 297.57 -21.67   370  677 
2  233 297.71 -21.86  2714  964 
2  234 297.85 -22.05  2684  881 
2  235 298.00 -22.24  3474  990 
2  236 298.14 -22.43  3217  926 
2  237 298.28 -22.62  3606  949 
2  238 298.42 -22.81  2604  877 
2  239 298.57 -23.00  4067  983 
2  240 298.71 -23.19  2094  820 
2  241 298.85 -23.38  3266  937 
2  242 299.00 -23.57  4007 1021 
2  243 299.14 -23.76  2117  847 
2  244 299.29 -23.95  3066  888 
2  245 299.44 -24.15  3387  953 
2  246 299.58 -24.34  2956  900 
2  247 299.73 -24.53  2378  828 
2  248 299.88 -24.72  3100  903 
2  249 300.03 -24.91  3164  915 
2  250 300.62 -25.66  4162  941 
2  251 300.78 -25.85  2911  877 
2  252 300.93 -26.03  3799  907 
2  253 301.08 -26.22  2294  843 
2  254 301.23 -26.41  2272  801 
2  255 301.38 -26.59  2049  786 
2  256 301.85 -27.16  2283  816 
2  257 302.01 -27.35  3406  866 
2  258 302.17 -27.55  2223  835 
2  259 302.33 -27.73  1633  760 
2  260 302.49 -27.92  2128  813 
2  261 302.63 -28.11  3224  877 
2  262 302.78 -28.29  2022  775 
2  263 302.93 -28.48  3190  885 
2  264 303.39 -29.03  4150  930 
2  265 303.55 -29.22  1814  790 
2  266 303.71 -29.40  2483  794 
2  267 303.87 -29.59  1383  722 
2  268 304.03 -29.77  3644  873 
2  269 304.20 -29.96  3149  816 
2  270 304.36 -30.14  1512  737 
2  271 304.52 -30.33  1342  688 
2  272 304.68 -30.51  2291  764 
2  273 304.85 -30.70  1716  737 
2  274 305.01 -30.88  3459  873 
2  275 305.18 -31.07  2967  820 
2  276 305.35 -31.25  2162  726 
2  277 305.51 -31.43   896  635 
2  278 305.68 -31.62  2351  737 
2  279 305.85 -31.80  2945  877 
2  280 306.02 -31.98  1334  684 
2  281 306.19 -32.17  1841  707 
2  282 306.36 -32.35  2661  782 
2  283 306.53 -32.53  1659  673 
2  284 306.70 -32.71  2703  782 
2  285 306.87 -32.89  2064  707 
2  286 307.04 -33.07  3345  782 
2  287 307.22 -33.25  3372  775 
2  288 307.39 -33.43  1523  658 
2  289 307.57 -33.61  1603  643 
2  290 307.74 -33.79  2196  677 
2  291 307.92 -33.97  1508  669 
2  292 308.63 -34.69  1932  654 
2  293 308.81 -34.87  1773  654 
2  294 308.99 -35.05  2268  677 
2  295 309.17 -35.22  2412  680 
2  296 309.36 -35.40  1826  650 
2  297 309.54 -35.58   945  559 
2  298 309.73 -35.76   805  567 
2  299 309.91 -35.94  1962  643 
2  300 310.10 -36.11  2480  665 
2  301 310.28 -36.29  2113  654 
2  302 310.47 -36.46  2090  658 
2  303 310.66 -36.64  1470  590 
2  304 310.85 -36.82  2548  654 
2  305 311.04 -36.99  1833  620 
2  306 311.23 -37.17  1966  669 
2  307 311.42 -37.34  1777  620 
2  308 311.61 -37.51  1777  612 
2  309 311.81 -37.68  1554  582 
2  310 312.00 -37.86  2877  673 
2  311 312.20 -38.04  1875  605 
2  312 312.40 -38.21   590  499 
2  313 312.59 -38.38   790  514 
2  314 312.79 -38.55  1648  578 
2  315 312.99 -38.72  1950  586 
2  316 313.19 -38.90  2438  609 
2  317 313.39 -39.07  1281  541 
2  318 313.59 -39.24  1459  556 
2  319 313.80 -39.41   612  522 
2  320 314.00 -39.58    72  473 
2  321 314.20 -39.75  1864  578 
2  322 314.41 -39.92  2071  593 
2  323 314.62 -40.09   605  510 
2  324 314.83 -40.26  1905  593 
2  325 315.04 -40.42   907  510 
2  326 315.24 -40.59  1108  525 
2  327 315.45 -40.76  1603  567 
2  328 315.67 -40.93   881  518 
2  329 315.89 -41.10  1108  529 
2  330 316.10 -41.26  1380  544 
2  331 316.31 -41.43   801  507 
2  332 316.53 -41.59   711  514 
2  333 316.75 -41.76  1160  522 
2  334 316.97 -41.93  1659  556 
2  335 317.19 -42.09  1009  514 
2  336 317.41 -42.25   900  507 
2  337 317.63 -42.42  1463  552 
2  338 317.86 -42.58   684  473 
2  339 318.08 -42.75  1002  522 
2  340 318.31 -42.91   522  461 
2  341 318.53 -43.07   352  450 
2  342 318.76 -43.23   386  465 
2  343 318.99 -43.39   730  469 
2  344 319.23 -43.55  1085  525 
2  345 319.46 -43.71  1716  529 
2  346 319.69 -43.87  1270  525 
2  347 319.92 -44.03  1338  514 
2  348 320.15 -44.19  1172  499 
2  349 320.40 -44.35  1255  503 
2  350 320.87 -44.66  1459  575 
2  351 321.11 -44.82   559  469 
2  352 321.35 -44.97  1886  533 
2  353 321.61 -45.13  1040  499 
2  354 321.85 -45.29   665  473 
2  355 322.09 -45.44  1365  495 
2  356 322.34 -45.59   677  457 
2  357 322.58 -45.75   881  469 
2  358 322.84 -45.90  1270  514 
2  359 323.09 -46.06   473  446 
2  360 323.34 -46.21   488  446 
2  361 323.60 -46.35  1372  518 
2  362 323.85 -46.51  1153  488 
2  363 324.37 -46.81   680  461 
2  364 324.63 -46.96   726  446 
2  365 325.15 -47.25  1852  514 
2  366 325.41 -47.40   782  457 
2  367 325.69 -47.55  1346  480 
2  368 325.96 -47.69   828  465 
2  369 326.22 -47.84   435  423 
2  370 326.49 -47.98   711  438 
2  371 326.76 -48.12  1580  507 
2  372 327.04 -48.27   597  431 
2  373 327.31 -48.41   280  420 
2  374 327.59 -48.56  1194  480 
2  375 327.87 -48.69   147  401 
2  376 328.14 -48.83   480  435 
2  377 328.43 -48.98   926  465 
2  378 328.71 -49.12   488  427 
2  379 329.00 -49.26   593  469 
2  380 329.28 -49.39  1421  476 
2  381 329.87 -49.67   934  457 
2  382 330.15 -49.80  1176  461 
2  383 330.44 -49.94  1183  473 
2  384 330.74 -50.07   454  423 
2  385 331.03 -50.20   764  454 
2  386 331.34 -50.34   828  442 
2  387 331.63 -50.47   703  457 
2  388 331.93 -50.60  1576  488 
2  389 332.23 -50.73   892  514 
2  390 332.53 -50.86  1130  469 
2  391 332.85 -51.00  1210  495 
2  392 333.16 -51.12   869  454 
2  393 333.46 -51.25  1164  457 
2  394 333.77 -51.37   454  416 
2  395 334.08 -51.50   401  435 
2  396 334.40 -51.63   790  431 
2  397 334.72 -51.75   552  416 
2  398 335.03 -51.88  1194  484 
2  399 335.35 -52.00  1504  484 
2  400 336.00 -52.24  1028  457 
2  401 336.33 -52.36   344  408 
2  402 336.65 -52.48  1244  473 
2  403 336.97 -52.60   401  416 
2  404 337.30 -52.71   510  427 
2  405 337.65 -52.83   816  473 
2  406 337.98 -52.94   457  423 
2  407 338.64 -53.17   552  431 
2  408 338.98 -53.28   412  404 
2  409 339.32 -53.39  1433  476 
2  410 339.67 -53.51   983  438 
2  411 340.36 -53.72  1244  454 
2  412 340.70 -53.83   575  416 
2  413 341.05 -53.94  1289  457 
2  414 341.41 -54.04  1633  476 
2  415 341.76 -54.15  1523  484 
2  416 342.11 -54.25  1051  454 
2  417 342.83 -54.45  1191  495 
2  418 343.56 -54.66   949  431 
2  419 343.92 -54.75    57  378 
2  420 344.28 -54.85   953  427 
2  421 344.64 -54.94   983  454 
2  422 345.03 -55.04  1576  476 
2  423 345.76 -55.23   635  404 
2  424 346.13 -55.32   767  465 
2  425 346.51 -55.41   983  435 
2  426 346.90 -55.50   665  431 
2  427 347.27 -55.59  1119  446 
2  428 347.65 -55.67   268  393 
2  429 348.03 -55.76  1104  446 
2  430 348.41 -55.84   609  412 
2  431 348.81 -55.92   438  416 
2  432 349.20 -56.01   423  404 
2  433 349.58 -56.09   559  408 
2  434 349.97 -56.17  1191  442 
2  435 350.36 -56.24   718  420 
2  436 350.77 -56.33   801  427 
2  437 351.16 -56.40   227  382 
2  438 351.56 -56.47   227  374 
2  439 351.95 -56.54   386  412 
2  440 352.35 -56.61  1119  431 
2  441 352.76 -56.69   911  427 
2  442 353.16 -56.76  1467  488 
2  443 353.56 -56.83   189  397 
2  444 353.97 -56.89  1240  446 
2  445 354.37 -56.96   782  420 
2  446 354.80 -57.02   877  427 
2  447 355.20 -57.09   741  423 
2  448 355.61 -57.14   820  408 
2  449 356.02 -57.21  1365  465 
2  450 356.43 -57.26  1123  438 
2  451 356.86 -57.32  1062  427 
2  452 357.28 -57.38   333  378 
2  453 358.11 -57.48   673  442 
2  454 358.52 -57.54   790  408 
2  455 358.96 -57.59   612  401 
2  456 359.38 -57.64   767  408 
2  457 359.80 -57.68   597  427 
2  458   0.22 -57.73   896  420 
2  459   0.65 -57.78  1164  438 
2  460   1.09 -57.82   374  389 
2  461   1.51 -57.86   839  423 
2  462   1.94 -57.90   850  420 
2  463   2.37 -57.94   363  389 
2  464   2.80 -57.97   877  412 
2  465   3.24 -58.01  1149  427 
2  466   3.67 -58.04  1206  431 
2  467   5.42 -58.17   389  386 
2  468   6.29 -58.22   219  374 
2  469   6.72 -58.24   457  404 
2  470   7.16 -58.27   412  408 
2  471   7.61 -58.29   499  404 
2  472   8.05 -58.31   801  404 
2  473   8.48 -58.33   454  408 
2  474   9.36 -58.36   582  408 
2  475  10.25 -58.38   431  389 
2  476  10.69 -58.40   730  401 
2  477  11.13 -58.40   790  408 
2  478  11.57 -58.41  1002  427 
2  479  12.03 -58.42   578  404 
2  480  12.47 -58.42   930  427 
2  481  12.90 -58.43   635  412 
2  482  13.34 -58.43    98  374 
2  483  13.78 -58.42   242  382 
2  484  14.68 -58.42  1176  438 
2  485  15.12 -58.42   427  401 
2  486  15.56 -58.41   869  427 
2  487  16.00 -58.40    83  370 
2  488  16.89 -58.39   503  393 
2  489  17.33 -58.37   204  370 
2  490  17.77 -58.36    19  367 
2  491  18.21 -58.34   703  420 
2  492  18.66 -58.32   359  389 
2  493  19.10 -58.31   624  404 
2  494  19.54 -58.28   707  427 
2  495  19.97 -58.26   121  386 
2  496  20.41 -58.24   242  397 
2  497  20.86 -58.21   469  397 
2  498  21.29 -58.19   113  389 
2  499  21.73 -58.16   404  393 
2  500  22.16 -58.13  1017  450 
2  501  22.59 -58.10   658  412 
2  502  23.04 -58.07   548  401 
2  503  23.47 -58.03   499  404 
2  504  23.90 -58.00  1149  427 
2  505  24.76 -57.93   370  397 
2  506  25.20 -57.89  1032  438 
2  507  25.63 -57.85   779  416 
2  508  26.05 -57.80  1092  438 
2  509  26.48 -57.76   983  423 
2  510  26.90 -57.72   374  397 
2  511  27.34 -57.67   465  397 
2  512  27.76 -57.62   416  393 
2  513  28.18 -57.58   306  393 
2  514  28.60 -57.53   503  386 
2  515  29.01 -57.47   809  431 
2  516  29.45 -57.42   756  435 
2  517  29.86 -57.37   261  374 
2  518  31.53 -57.13  1017  431 
2  519  31.93 -57.07  1315  461 
2  520  32.34 -57.01   809  412 
2  521  32.75 -56.94   435  401 
2  522  33.15 -56.88   775  412 
2  523  33.57 -56.81    76  374 
2  524  33.97 -56.74   835  408 
2  525  34.37 -56.67   370  401 
2  526  34.77 -56.60  1433  450 
2  527  35.17 -56.53   650  393 
2  528  35.58 -56.45  1278  446 
2  529  35.97 -56.38   310  382 
2  530  36.37 -56.30  1879  499 
2  531  36.75 -56.22   677  401 
2  532  37.55 -56.07  1157  435 
2  533  37.94 -55.99   374  389 
2  534  38.32 -55.90   869  435 
2  535  38.70 -55.82   140  382 
2  536  39.10 -55.74   627  408 
2  537  39.47 -55.64  1058  435 
2  538  39.85 -55.56   518  401 
2  539  40.23 -55.48   276  386 
2  540  40.61 -55.39   370  378 
2  541  40.99 -55.29   707  420 
2  542  41.36 -55.20   284  389 
2  543  41.73 -55.11  1040  427 
2  544  42.10 -55.02  1002  423 
2  545  42.46 -54.92   945  427 
2  546  42.85 -54.82   208  382 
2  547  43.21 -54.73   556  416 
2  548  43.57 -54.63   552  401 
2  549  43.93 -54.53   499  404 
2  550  44.28 -54.43   983  423 
2  551  44.66 -54.33  1523  465 
2  552  45.00 -54.22   892  442 
2  553  45.36 -54.12   760  408 
2  554  45.71 -54.02   306  382 
2  555  46.06 -53.92  1455  488 
2  556  46.42 -53.80   937  423 
2  557  46.76 -53.70  1153  423 
2  558  47.11 -53.59  1047  423 
2  559  47.44 -53.48  1399  495 
2  560  47.78 -53.37   873  420 
2  561  48.14 -53.25  1274  442 
2  562  48.48 -53.14  1486  473 
2  563  48.80 -53.03  1009  423 
2  564  49.14 -52.91   684  397 
2  565  49.47 -52.80   824  423 
2  566  49.82 -52.68  1232  435 
2  567  50.14 -52.56  1210  435 
2  568  50.46 -52.45  1194  431 
2  569  50.79 -52.33   767  412 
2  570  51.11 -52.21   707  404 
2  571  51.76 -51.96   771  408 
2  572  52.08 -51.84   544  401 
2  573  52.40 -51.72   159  370 
2  574  52.70 -51.59   919  423 
2  575  53.03 -51.47  1659  473 
2  576  53.34 -51.34   423  389 
2  577  53.65 -51.22  1153  431 
2  578  53.95 -51.09  1051  454 
2  579  54.26 -50.96   794  416 
2  580  54.58 -50.83   722  408 
2  581  54.88 -50.70   431  389 
2  582  55.17 -50.57   333  386 
2  583  55.47 -50.44  1444  454 
2  584  55.77 -50.31  1399  446 
2  585  56.08 -50.18   484  389 
2  586  56.37 -50.04   582  404 
2  587  56.66 -49.90  1111  431 
2  588  56.95 -49.77  1455  450 
2  589  57.53 -49.49  1440  435 
2  590  57.82 -49.36  1058  427 
2  591  58.11 -49.22   616  427 
2  592  58.39 -49.09  1614  450 
2  593  58.66 -48.94  2332  484 
2  594  58.96 -48.80  1996  465 
2  595  59.24 -48.66   450  386 
2  596  59.51 -48.52  1259  446 
2  597  59.78 -48.38   650  404 
2  598  60.06 -48.24  1153  442 
2  599  60.34 -48.09  1807  469 
2  600  60.61 -47.95   816  408 
2  601  60.87 -47.80   824  416 
2  602  61.14 -47.66  1610  461 
2  603  61.41 -47.51   987  420 
2  604  61.69 -47.36  1198  461 
2  605  61.94 -47.21  1433  450 
2  606  62.20 -47.07  1693  454 
2  607  62.46 -46.92   968  420 
2  608  62.72 -46.77   756  435 
2  609  62.98 -46.61   915  416 
2  610  63.24 -46.47  1886  469 
2  611  63.50 -46.32  1221  442 
2  612  63.75 -46.17   809  416 
2  613  64.00 -46.02  2638  503 
2  614  64.26 -45.86  1270  438 
2  615  64.51 -45.71  3039  556 
2  616  64.75 -45.56  2223  488 
2  617  65.00 -45.41  1368  438 
2  618  65.24 -45.25  1085  423 
2  619  66.94 -44.15  2472  503 
2  620  67.16 -43.99  1796  461 
2  621  67.40 -43.83  2499  491 
2  622  67.63 -43.67  1024  438 
2  623  67.87 -43.51  1172  469 
2  624  68.09 -43.35  1693  450 
2  625  68.32 -43.19  1743  465 
2  626  68.55 -43.03  1875  469 
2  627  68.78 -42.87  1788  476 
2  628  69.01 -42.70  1387  465 
2  629  69.23 -42.54  1875  484 
2  630  69.45 -42.38  1478  450 
2  631  69.67 -42.22  1244  575 
2  632  69.90 -42.05  1777  488 
2  633  70.12 -41.88   752  408 
2  634  70.34 -41.72  1739  461 
2  635  70.55 -41.55  1962  491 
2  636  70.77 -41.39   155  374 
2  637  70.98 -41.22  1520  461 
2  638  71.20 -41.05  1225  435 
2  639  71.41 -40.89  1425  438 
2  640  71.63 -40.72  1323  457 
2  641  71.83 -40.55  1365  442 
2  642  72.04 -40.39   998  416 
2  643  72.26 -40.21   782  442 
2  644  72.47 -40.05  1221  431 
2  645  72.67 -39.88  1916  465 
2  646  72.87 -39.71  1440  457 
2  647  73.08 -39.54   465  397 
2  648  73.29 -39.37  1126  442 
2  649  73.49 -39.20  1002  431 
2  650  73.69 -39.02  1160  662 
2  651  73.89 -38.86  1452  442 
2  652  74.09 -38.69  1418  450 
2  653  74.30 -38.51  1074  416 
2  654  74.49 -38.33  1070  420 
2  655  74.68 -38.16  1939  469 
2  656  74.88 -37.99  1399  457 
2  657  75.08 -37.82  1145  442 
2  658  75.27 -37.64  2574  525 
2  659  75.46 -37.47  1183  427 
2  660  75.66 -37.30  1455  454 
2  661  75.85 -37.13  1421  450 
2  662  76.03 -36.95  1334  461 
2  663  76.23 -36.77  1818  454 
2  664  76.42 -36.59  1467  454 
2  665  76.61 -36.42  2276  488 
2  666  76.80 -36.25  1047  427 
2  667  76.97 -36.07  1157  435 
2  668  77.17 -35.89  1240  431 
2  669  77.35 -35.71  1202  431 
2  670  77.54 -35.54  1255  484 
2  671  77.71 -35.36   934  420 
2  672  77.90 -35.18   900  416 
2  673  78.09 -35.00   979  416 
2  674  78.80 -34.29   718  427 
2  675  78.98 -34.11   669  401 
2  676  79.15 -33.92  2442  499 
2  677  79.33 -33.75  1108  431 
2  678  79.51 -33.57   843  423 
2  679  79.68 -33.39   620  416 
2  680  79.86 -33.20  1644  454 
2  681  80.03 -33.02   873  442 
2  682  80.20 -32.85  1705  465 
2  683  80.38 -32.67  1414  446 
2  684  80.55 -32.47  1720  461 
2  685  81.39 -31.56  1625  503 
2  686  81.56 -31.38  1244  438 
2  687  81.73 -31.20   386  389 
2  688  81.89 -31.02  1372  465 
2  689  82.05 -30.84   813  408 
2  690  82.23 -30.65   771  420 
2  691  82.39 -30.47   582  393 
2  692  82.55 -30.28  1138  442 
2  693  82.71 -30.10   658  416 
2  694  82.87 -29.92   843  423 
2  695  83.04 -29.73   922  427 
2  696  83.20 -29.54   650  404 
2  697  83.36 -29.36   404  397 
2  698  83.52 -29.18   151  370 
2  699  83.68 -28.99   956  423 
2  700  83.84 -28.80   367  374 
2  701  83.99 -28.61   945  423 
2  702  84.15 -28.43  1179  431 
2  703  84.31 -28.25  1452  465 
2  704  84.46 -28.06  1584  457 
2  705  84.62 -27.87   885  412 
2  706  84.78 -27.68  1036  420 
2  707  84.93 -27.49  1108  435 
2  708  85.08 -27.31  1814  469 
2  709  85.24 -27.12  1308  435 
2  710  85.40 -26.93  1221  435 
2  711  85.54 -26.74   548  401 
2  712  85.70 -26.56  1516  457 
2  713  85.85 -26.37   824  412 
2  714  86.00 -26.19   253  393 
2  715  86.15 -25.99  1342  435 
2  716  86.30 -25.80  1542  469 
2  717  86.45 -25.62  1486  446 
2  718  86.60 -25.43  1572  450 
2  719  86.75 -25.24  2124  480 
2  720  86.90 -25.05   711  412 
2  721  87.05 -24.86  2242  473 
2  722  87.19 -24.67  1467  442 
2  723  87.34 -24.48  1104  435 
2  724  87.49 -24.30  1448  442 
2  725  87.64 -24.10  1758  465 
2  726  87.78 -23.91  1353  435 
2  727  87.93 -23.72  1799  469 
2  728  88.07 -23.53  1565  469 
2  729  88.21 -23.34  1890  480 
2  730  88.36 -23.15  1712  465 
2  731  88.50 -22.96  1935  473 
2  732  88.65 -22.77  1497  461 
2  733  88.79 -22.58  1848  473 
2  734  88.93 -22.39  1289  435 
2  735  89.08 -22.19  1455  442 
2  736  89.21 -22.00  1418  450 
2  737  89.36 -21.81  2177  491 
2  738  89.50 -21.62  1913  461 
2  739  89.64 -21.44  2567  503 
2  740  89.78 -21.23  1765  454 
2  741  89.92 -21.05  1236  442 
2  742  90.33 -20.47  3304  525 
2  743  90.48 -20.28  2053  488 
2  744  90.61 -20.08  1928  522 
2  745  90.75 -19.89  1618  454 
2  746  90.89 -19.70  1210  435 
2  747  91.03 -19.51  1455  450 
2  748  91.85 -18.35  3141  525 
2  749  91.98 -18.15  3285  541 
2  750  92.11 -17.96  2415  499 
2  751  92.25 -17.77  2412  491 
2  752  92.37 -17.58  2631  499 
2  753  92.52 -17.38  2892  537 
2  754  92.65 -17.19  2567  495 
2  755  92.78 -16.99  3228  525 
2  756  92.91 -16.80  2699  499 
2  757  93.05 -16.61  2597  488 
2  758  93.18 -16.41  3119  525 
2  759  93.31 -16.22  3243  522 
2  760  93.44 -16.02  3519  533 
2  761  93.57 -15.83  3092  522 
2  762  93.70 -15.64  3432  533 
2  763  93.84 -15.44  3882  571 
2  764  93.97 -15.24  3398  544 
2  765  94.10 -15.05  2684  507 
2  766  94.23 -14.86  3799  563 
2  767  94.35 -14.66  3965  563 
2  768  94.49 -14.46  3697  544 
2  769  94.62 -14.27  4067  567 
2  770  94.75 -14.07  3553  548 
2  771  94.88 -13.88  2979  518 
2  772  95.01 -13.69  3107  522 
2  773  95.14 -13.49  4211  571 
2  774  95.27 -13.29  5704  631 
2  775  95.39 -13.10  6124  646 
2  776  95.78 -12.51  4150  571 
2  777  95.91 -12.32  4661  624 
2  778  96.29 -11.73  4740  601 
2  779  96.41 -11.53  3459  525 
2  780  96.54 -11.34  4710  578 
2  781  96.67 -11.14  4721  586 
2  782  96.79 -10.95  3863  571 
2  783  96.92 -10.75  4302  575 
2  784  97.05 -10.55  6641  658 
2  785  97.17 -10.36  4619  582 
2  786  97.55  -9.77  4483  571 
2  787  97.67  -9.57  4695  578 
2  788  97.80  -9.37  4801  586 
2  789  97.92  -9.18  5833  627 
2  790  98.17  -8.79  7193  662 
2  791  98.30  -8.59  5182  605 
2  792  98.43  -8.39  6018  662 
2  793  98.55  -8.19  6917  680 
2  794  98.67  -8.00  4581  582 
2  795  98.79  -7.80  4453  586 
2  796  98.92  -7.60  5288  620 
2  797  99.04  -7.41  5368  692 
2  798  99.17  -7.21  5821  680 
2  799  99.29  -7.01  6649  654 
2  800  99.41  -6.82  9783  752 
2  801  99.54  -6.62  5606  620 
2  802  99.66  -6.42  5817  624 
2  803  99.79  -6.23  7500  680 
2  804 100.03  -5.84  7288  680 
2  805 100.28  -5.44  5693  616 
2  806 100.40  -5.24  8146  699 
2  807 100.52  -5.05  8320  714 
2  808 103.46  -0.31  8747  714 
2  809 103.58  -0.11  8210  699 
2  810 103.70   0.08  7980  703 
2  811 103.82   0.29  6740  669 
2  812 103.94   0.48  5163  609 
2  813 104.06   0.68  4888  597 
2  814 104.19   0.87  5326  605 
2  815 104.31   1.07  4064  552 
2  816 104.43   1.28  4332  571 
2  817 104.55   1.47  5262  688 
2  818 104.68   1.67  4759  590 
2  819 104.80   1.86  4468  575 
2  820 104.92   2.06  4434  567 
2  821 105.04   2.26  4937  605 
2  822 105.17   2.46  4268  571 
2  823 105.29   2.65  4419  571 
2  824 105.41   2.85  3428  529 
2  825 105.53   3.04  4838  586 
2  826 105.65   3.25  6150  635 
2  827 105.77   3.45  6328  658 
2  828 105.90   3.64  5099  605 
2  829 106.02   3.83  4842  620 
2  830 106.14   4.03  4793  590 
2  831 106.27   4.23  6290  635 
2  832 107.00   5.42  5666  616 
2  833 107.12   5.61  6010  635 
2  834 107.24   5.81  6789  665 
2  835 107.37   6.00  7277  699 
2  836 107.49   6.21  5220  665 
2  837 107.62   6.40  4615  586 
2  838 107.74   6.60  6048  639 
2  839 107.86   6.79  6003  624 
2  840 107.99   6.99  6169  643 
2  841 108.11   7.19  4498  578 
2  842 108.24   7.39  4445  609 
2  843 108.36   7.58  3614  556 
2  844 108.48   7.78  7874  696 
2  845 108.60   7.97  6468  654 
2  846 108.73   8.17  6600  650 
2  847 108.86   8.37  7337  677 
2  848 108.98   8.57  6657  654 
2  849 109.10   8.76  5322  616 
2  850 109.23   8.95  4562  578 
2  851 109.36   9.16  6056  643 
2  852 109.48   9.35  4445  578 
2  853 109.61   9.55  5186  609 
2  854 109.73   9.74  4959  597 
2  855 109.86   9.94  4438  575 
2  856 109.98  10.14  4906  680 
2  857 110.11  10.33  4003  563 
2  858 110.23  10.53  4710  582 
2  859 110.62  11.12  3958  556 
2  860 110.74  11.31  5050  593 
2  861 110.87  11.51  4064  563 
2  862 110.99  11.70  4906  612 
2  863 111.12  11.90  3984  559 
2  864 111.25  12.10  3281  522 
2  865 111.38  12.29  2873  525 
2  866 111.51  12.49  3595  537 
2  867 111.63  12.68  2310  488 
2  868 111.76  12.87  3572  544 
2  869 111.89  13.07  2007  476 
2  870 112.02  13.27  3553  537 
2  871 112.15  13.46  2998  514 
2  872 112.28  13.66  1675  465 
2  873 112.41  13.85  1973  473 
2  874 112.53  14.04  2778  624 
2  875 112.67  14.25  1867  473 
2  876 112.80  14.44  1300  438 
2  877 112.93  14.63  2260  480 
2  878 113.05  14.83  1092  438 
2  879 113.18  15.02  1898  476 
2  880 113.32  15.22   866  420 
2  881 113.45  15.41  1077  431 
2  882 113.58  15.60  2011  484 
2  883 113.71  15.80  2449  499 
2  884 113.84  15.99  1493  450 
2  885 113.98  16.19  1992  469 
2  886 114.11  16.38  2000  480 
2  887 114.24  16.58  1486  446 
2  888 114.37  16.77  1013  442 
2  889 114.51  16.96  1138  438 
2  890 114.64  17.16   820  408 
2  891 114.78  17.35  1210  435 
2  892 114.91  17.55  1554  454 
2  893 115.04  17.74   631  420 
2  894 115.18  17.93  1879  473 
2  895 115.31  18.12  1531  450 
2  896 115.45  18.32   567  401 
2  897 115.59  18.51   132  374 
2  898 115.72  18.71  1561  450 
2  899 115.85  18.90  1028  431 
2  900 115.99  19.09   767  423 
2  901 116.13  19.29   726  408 
2  902 116.27  19.48   843  420 
2  903 116.41  19.67   983  438 
2  904 116.54  19.86   522  408 
2  905 116.68  20.05  1157  442 
2  906 116.82  20.24  1569  446 
2  907 116.96  20.44   786  408 
2  908 117.10  20.63   699  404 
2  909 117.24  20.82  1633  457 
2  910 117.38  21.01   839  412 
2  911 117.51  21.20  1361  457 
2  912 117.94  21.78  1349  438 
2  913 118.08  21.97  1387  446 
2  914 118.22  22.16   760  408 
2  915 118.36  22.35   975  427 
2  916 118.51  22.54  1024  423 
2  917 118.65  22.73  1308  491 
2  918 118.80  22.93  1493  454 
2  919 118.94  23.12   688  404 
2  920 119.09  23.30   764  457 
2  921 119.23  23.49   733  412 
2  922 119.38  23.68  1516  454 
2  923 119.52  23.87  1501  465 
2  924 119.67  24.06  1565  454 
2  925 119.81  24.25   847  427 
2  926 119.96  24.44  1429  446 
2  927 120.11  24.63   597  389 
2  928 120.26  24.82   990  427 
2  929 120.55  25.19   692  427 
2  930 120.70  25.38   945  416 
2  931 120.86  25.57   733  412 
2  932 121.01  25.76   389  397 
2  933 121.16  25.95  1066  423 
2  934 121.31  26.13   457  420 
2  935 121.47  26.32  1557  465 
2  936 121.78  26.69  1176  442 
2  937 121.94  26.88   782  404 
2  938 122.10  27.07  1225  457 
2  939 122.25  27.26  1198  438 
2  940 122.42  27.46  1002  416 
2  941 122.58  27.65  1493  461 
2  942 122.72  27.83   767  404 
2  943 122.86  28.02  1032  423 
2  944 123.01  28.20  1036  435 
2  945 123.16  28.39   971  442 
2  946 123.31  28.57  1376  442 
2  947 123.47  28.76  1096  427 
2  948 123.63  28.94  1629  457 
2  949 124.27  29.68   745  416 
2  950 124.43  29.87   378  374 
2  951 124.60  30.05   692  401 
2  952 124.76  30.24   344  389 
2  953 124.92  30.42   495  389 
2  954 125.09  30.61   900  408 
2  955 125.25  30.79  1270  431 
2  956 125.42  30.97  1542  454 
2  957 125.58  31.16  1527  450 
2  958 125.75  31.34   559  397 
2  959 125.92  31.52  1055  450 
2  960 126.09  31.70   745  435 
2  961 126.25  31.88  1565  469 
2  962 126.42  32.06   688  404 
2  963 126.59  32.24   941  423 
2  964 126.77  32.43   937  412 
2  965 126.94  32.61   673  412 
2  966 127.11  32.79   964  427 
2  967 127.28  32.97   745  420 
2  968 127.46  33.15   885  412 
2  969 127.63  33.33   794  420 
2  970 127.81  33.51  1244  431 
2  971 127.99  33.70   197  378 
2  972 128.16  33.88  1032  431 
2  973 128.34  34.05  1493  454 
2  974 128.52  34.23   979  423 
2  975 128.70  34.41   514  408 
2  976 128.87  34.59   813  420 
2  977 129.06  34.77   265  374 
2  978 129.24  34.95   696  412 
2  979 129.42  35.12   941  423 
2  980 129.60  35.30   129  367 
2  981 129.79  35.48   435  397 
2  982 129.97  35.65  1315  450 
2  983 130.35  36.01   567  393 
2  984 130.53  36.18   775  401 
2  985 130.72  36.36   779  401 
2  986 130.90  36.53   756  412 
2  987 131.10  36.71   654  427 
2  988 131.29  36.89  1013  423 
2  989 131.48  37.06   178  382 
2  990 131.67  37.23   696  408 
2  991 131.86  37.41   544  397 
2  992 132.06  37.58  1349  469 
2  993 132.26  37.76  1100  427 
2  994 132.45  37.93   824  408 
2  995 132.65  38.10  1013  431 
2  996 132.84  38.27   454  404 
2  997 133.04  38.44   178  382 
2  998 133.25  38.62   427  393 
2  999 133.45  38.79    98  374 
2 1000 133.65  38.96   635  393 
2 1001 133.85  39.13   265  382 
2 1002 134.05  39.30   280  378 
2 1003 134.26  39.47  1232  438 
2 1004 134.46  39.64   881  427 
2 1005 134.67  39.81  1629  465 
2 1006 135.08  40.14  1308  442 
2 1007 135.30  40.32   692  412 
2 1008 135.50  40.48   680  420 
2 1009 135.72  40.65  1270  454 
2 1010 135.93  40.81  2230  495 
2 1011 136.14  40.98  1361  454 
2 1012 136.35  41.14   318  386 
2 1013 136.58  41.31   336  389 
2 1014 136.79  41.48   529  386 
2 1015 137.01  41.64   473  397 
2 1016 137.23  41.80   110  367 
2 1017 137.44  41.97   646  408 
2 1018 137.67  42.14   556  408 
2 1019 137.89  42.30   378  420 
2 1020 138.11  42.46   314  423 
2 1021 138.34  42.62   420  401 
2 1022 138.56  42.78   491  401 
2 1023 138.80  42.95   839  420 
2 1024 139.03  43.11   703  416 
2 1025 139.25  43.27   885  412 
2 1026 139.48  43.43  1746  473 
2 1027 139.71  43.58   219  397 
2 1028 139.95  43.75   911  435 
2 1029 140.19  43.91   892  469 
2 1030 140.42  44.06  1535  450 
2 1031 140.66  44.22   903  438 
2 1032 140.89  44.38  1070  420 
2 1033 141.14  44.54  1618  454 
2 1034 141.38  44.69   881  431 
2 1035 141.62  44.85   756  412 
2 1036 141.86  45.00   420  397 
2 1037 142.36  45.31   401  382 
2 1038 142.60  45.47   673  408 
2 1039 142.85  45.62   631  408 
2 1040 143.10  45.77   499  404 
2 1041 143.35  45.92   499  389 
2 1042 143.61  46.07   299  382 
2 1043 143.86  46.22   888  427 
2 1044 144.63  46.67  1773  461 
2 1045 144.90  46.82   438  393 
2 1046 145.16  46.97  1119  431 
2 1047 145.42  47.12   658  412 
2 1048 145.68  47.26   310  397 
2 1049 145.94  47.41   461  401 
2 1050 146.22  47.56   314  370 
2 1051 147.03  47.99   590  435 
2 1052 147.30  48.13  1134  435 
2 1053 147.58  48.27  1194  431 
2 1054 147.86  48.41   178  374 
2 1055 148.13  48.55   291  386 
2 1056 148.41  48.69   567  408 
2 1057 148.69  48.83   605  465 
2 1058 148.98  48.98   544  397 
2 1059 149.26  49.11   181  367 
2 1060 149.55  49.25   435  397 
2 1061 149.83  49.38   582  397 
2 1062 150.71  49.79   404  397 
2 1063 151.00  49.92   858  435 
2 1064 151.29  50.06   714  412 
2 1065 151.59  50.19   609  404 
2 1066 151.90  50.32   616  401 
2 1067 152.20  50.45   820  408 
2 1068 152.49  50.58   420  382 
2 1069 152.80  50.71  1021  427 
2 1070 153.10  50.84   824  416 
2 1071 153.42  50.97    49  370 
2 1072 153.72  51.10   495  389 
2 1073 154.03  51.22   714  412 
2 1074 154.34  51.35   518  427 
2 1075 154.65  51.47   597  401 
2 1076 154.98  51.59   427  397 
2 1077 155.29  51.72   170  397 
2 1078 155.61  51.84   911  420 
2 1079 155.93  51.95   465  401 
2 1080 156.25  52.08   420  401 
2 1081 156.59  52.20   903  427 
2 1082 156.91  52.32   129  408 
2 1083 157.56  52.55  1111  465 
2 1084 157.89  52.66  1247  446 
2 1085 158.56  52.90   937  435 
2 1086 159.23  53.12   340  382 
2 1087 159.57  53.23   665  412 
2 1088 159.93  53.34   692  423 
2 1089 160.27  53.45   454  389 
2 1090 160.61  53.55   325  382 
2 1091 160.95  53.66   896  416 
2 1092 161.30  53.76   234  393 
2 1093 161.66  53.87   631  412 
2 1094 162.01  53.97   325  382 
2 1095 162.72  54.18   389  389 
2 1096 163.07  54.28   767  420 
2 1097 163.44  54.38   696  401 
2 1098 163.80  54.48  1709  499 
2 1099 164.16  54.57   518  420 
2 1100 164.52  54.67   507  404 
2 1101 164.89  54.76  1021  442 
2 1102 165.26  54.86   438  404 
2 1103 165.63  54.95   204  374 
2 1104 166.00  55.05  1013  438 
2 1105 166.37  55.13   231  378 
2 1106 167.51  55.40   151  370 
2 1107 167.88  55.49   510  408 
2 1108 168.26  55.57   450  408 
2 1109 168.64  55.66   355  389 
2 1110 169.04  55.74  1024  457 
2 1111 169.42  55.82   389  408 
2 1112 170.19  55.98   488  397 
2 1113 170.58  56.05   556  423 
2 1114 170.99  56.13  1304  431 
2 1115 171.38  56.21   858  420 
2 1116 171.77  56.28   703  401 
2 1117 172.16  56.35   601  412 
2 1118 172.56  56.42   401  404 
2 1119 172.97  56.50   767  423 
2 1120 173.77  56.63   654  404 
2 1121 174.17  56.70   900  423 
2 1122 174.58  56.76   854  420 
2 1123 175.00  56.83   578  397 
2 1124 175.40  56.89    87  359 
2 1125 176.22  57.01   261  389 
2 1126 176.63  57.06   461  397 
2 1127 177.88  57.23  1229  435 
2 1128 178.30  57.28  1247  442 
2 1129 178.71  57.34   314  378 
2 1130 179.15  57.38   450  408 
2 1131 179.56  57.43   397  397 
2 1132 179.98  57.48   756  412 
2 1133 180.40  57.52    19  367 
2 1134 180.82  57.57   764  435 
2 1135 181.69  57.65   756  420 
2 1136 182.11  57.69   136  374 
2 1137 182.53  57.73   779  404 
2 1138 182.96  57.77   627  397 
2 1139 183.40  57.81  1077  431 
2 1140 183.83  57.83   344  386 
2 1141 184.26  57.87   374  386 
2 1142 184.69  57.90   627  401 
2 1143 185.12  57.93   934  431 
2 1144 185.57  57.96   299  382 
2 1145 186.43  58.01   374  386 
2 1146 186.86  58.03   473  393 
2 1147 187.29  58.06   730  404 
2 1148 187.75  58.07   461  401 
2 1149 188.61  58.12   454  389 
2 1150 189.05  58.13  1142  450 
2 1151 189.48  58.14   669  404 
2 1152 189.94  58.16   597  404 
2 1153 190.81  58.18   420  389 
2 1154 192.57  58.20   907  420 
2 1155 193.01  58.20   299  378 
2 1156 193.45  58.20   869  412 
2 1157 193.88  58.21   386  389 
2 1158 194.34  58.21   994  431 
2 1159 194.77  58.20   737  412 
2 1160 195.21  58.20   476  393 
2 1161 195.65  58.19  1659  484 
2 1162 196.08  58.18   786  423 
2 1163 196.54  58.17  1017  435 
2 1164 196.97  58.16  1085  435 
2 1165 197.41  58.14   151  386 
2 1166 197.84  58.13   499  393 
2 1167 198.28  58.12   329  404 
2 1168 198.73  58.10   627  389 
2 1169 199.16  58.08   919  416 
2 1170 199.60  58.06   495  404 
2 1171 200.03  58.04   295  389 
2 1172 200.46  58.01   420  397 
2 1173 200.91  57.99   378  374 
2 1174 201.34  57.97   427  397 
2 1175 201.78  57.94   272  374 
2 1176 202.20  57.91   567  397 
2 1177 202.63  57.88  1153  450 
2 1178 203.08  57.85  1013  465 
2 1179 203.51  57.81   953  423 
2 1180 203.93  57.78   261  389 
2 1181 204.36  57.74   427  386 
2 1182 204.79  57.71   639  412 
2 1183 205.23  57.66  1482  450 
2 1184 205.65  57.62  1421  446 
2 1185 206.07  57.58   163  374 
2 1186 206.50  57.54   140  382 
2 1187 206.91  57.49  1191  431 
2 1188 207.35  57.45   412  401 
2 1189 207.77  57.40   677  408 
2 1190 208.18  57.34   212  370 
2 1191 208.60  57.30   336  393 
2 1192 209.02  57.25   654  404 
2 1193 209.45  57.19   790  416 
2 1194 209.86  57.13   363  397 
2 1195 210.27  57.08  1089  533 
2 1196 210.68  57.03   730  408 
2 1197 211.09  56.97   578  389 
2 1198 211.51  56.90   627  412 
2 1199 211.92  56.84   730  420 
2 1200 213.12  56.65   696  412 
2 1201 213.55  56.58   662  404 
2 1202 215.13  56.30   809  435 
2 1203 215.93  56.15   816  427 
2 1204 216.32  56.08   930  427 
2 1205 216.71  56.00   367  386 
2 1206 217.10  55.93   835  416 
2 1207 217.50  55.84   416  397 
2 1208 217.88  55.76  1758  473 
2 1209 218.27  55.68   593  404 
2 1210 218.65  55.60  1002  416 
2 1211 219.02  55.51   605  404 
2 1212 219.42  55.42   488  401 
2 1213 219.79  55.34  1342  457 
2 1214 220.17  55.25   204  370 
2 1215 220.54  55.16   552  401 
2 1216 220.91  55.07   476  386 
2 1217 221.30  54.98   896  412 
2 1218 221.66  54.89  1569  457 
2 1219 222.03  54.79   854  416 
2 1220 222.75  54.61   707  408 
2 1221 223.13  54.51   329  397 
2 1222 223.49  54.40   427  389 
2 1223 223.84  54.31   102  397 
2 1224 224.20  54.21   919  438 
2 1225 224.56  54.11   427  401 
2 1226 224.92  54.00     4  363 
2 1227 225.27  53.90  1047  442 
2 1228 225.62  53.80   491  408 
2 1229 225.97  53.70   760  427 
2 1230 226.31  53.59  1179  431 
2 1231 226.67  53.47  1527  457 
2 1232 227.01  53.37   809  412 
2 1233 227.35  53.26   968  423 
2 1234 227.69  53.16   684  412 
2 1235 228.02  53.04   680  416 
2 1236 228.37  52.92   495  404 
2 1237 228.71  52.81   669  416 
2 1238 229.04  52.70   741  404 
2 1239 229.36  52.58   318  416 
2 1240 229.69  52.47   869  404 
2 1241 230.36  52.24  1172  465 
2 1242 230.67  52.11   937  431 
2 1243 231.00  51.99   261  382 
2 1244 231.32  51.88  1013  431 
2 1245 231.65  51.75  1149  438 
2 1246 231.96  51.63   756  420 
2 1247 232.27  51.51   903  420 
2 1248 232.59  51.38   541  389 
2 1249 232.91  51.26   760  408 
2 1250 233.22  51.13   696  412 
2 1251 233.83  50.88  1584  450 
2 1252 234.14  50.75  1251  450 
2 1253 234.45  50.62  1089  423 
2 1254 234.75  50.49   741  427 
2 1255 235.05  50.36   760  461 
2 1256 235.35  50.23   635  408 
2 1257 235.64  50.10  1058  431 
2 1258 235.94  49.96  1338  442 
2 1259 236.24  49.83   469  397 
2 1260 236.53  49.70   926  416 
2 1261 237.10  49.42  1232  442 
2 1262 237.40  49.28  1172  431 
2 1263 237.69  49.15   548  412 
2 1264 237.97  49.02   340  397 
2 1265 238.25  48.87   178  378 
2 1266 238.53  48.74  1372  450 
2 1267 238.82  48.59   333  404 
2 1268 239.10  48.46   885  427 
2 1269 239.37  48.32   563  401 
2 1270 239.64  48.17    11  367 
2 1271 239.91  48.03   631  408 
2 1272 240.20  47.88   336  389 
2 1273 240.47  47.74   873  420 
2 1274 240.73  47.59   525  412 
2 1275 241.00  47.45   582  404 
2 1276 241.26  47.31   881  423 
2 1277 241.54  47.16   620  401 
2 1278 241.79  47.01  1421  450 
2 1279 242.06  46.86   461  397 
2 1280 242.32  46.72   514  393 
2 1281 242.58  46.57   548  397 
2 1282 242.84  46.41  1625  457 
2 1283 243.09  46.27   567  393 
2 1284 243.35  46.12   805  408 
2 1285 243.60  45.97   578  401 
2 1286 243.84  45.81  1051  431 
2 1287 244.11  45.66  1013  423 
2 1288 244.36  45.51  1123  605 
