     130     0.00000000
     135     0.00000008 
     140     0.00009070 
     145     0.00217481 
     150     0.00471454 
     155     0.00847536 
     160     0.00698345 
     165     0.01220769 
     170     0.01726007 
     175     0.03122062 
     180     0.02652140 
     185     0.03877078 
     190     0.04208208 
     195     0.06047141 
     200     0.06585896 
     205     0.07436971 
     210     0.10717032 
     215     0.20763467 
     220     0.14866118 
     225     0.16540763 
     230     0.22554676 
     235     0.23102781 
     240     0.18599522 
     245     0.25048336 
     250     0.20028250 
     255     0.19488798 
     260     0.15867080 
     265     0.16149218 
     270     0.14071344 
     275     0.16039154 
     280     0.15950984 
     285     0.15764742 
     290     0.18140358 
     295     0.13745224 
     300     0.05981505 
     305     0.02365593 
     310     0.00048392 
     315     0.00078100